  -3.8563873095250950e-03  -1.9272636565712434e-02  -1.4971537581933589e-01
  -5.2063781403339407e-02  -9.7590917610839462e-02  -1.0279287653266422e-01
   2.6953453043206681e-03  -1.2052113962752611e-01  -9.0930687980312272e-02
   5.7358224509819852e-02  -9.6965561970172448e-02  -1.0054210000238541e-01
  -1.0136831802138030e-01  -5.6148917772257889e-02  -9.6813031842415798e-02
  -5.7436695675467518e-02  -4.6028240151842696e-02  -1.3184622519590050e-01
  -5.8738205221862461e-04  -7.8675717471466830e-02  -1.2888284006288325e-01
   5.1410678353769661e-02  -4.9065616761191991e-02  -1.3323103018084481e-01
   9.8250165395211184e-02  -4.7138176524331200e-02  -1.0452701714760021e-01
  -1.0310643996204935e-01   2.3087983568042723e-03  -1.1029384157105067e-01
  -5.5523258385293921e-02   1.1183072741612430e-02  -1.3997537877189611e-01
   5.2851554065753828e-02   3.6344888032317662e-03  -1.4140192263181567e-01
   9.9364435320346389e-02   4.5229573944758654e-03  -1.1361008691958815e-01
  -9.6378066891717740e-02   5.7468270271030727e-02  -1.0104289254703377e-01
  -5.0728931089570606e-02   6.5085686373889076e-02  -1.2645722193591571e-01
   8.6255173456550351e-04   3.9585481174894091e-02  -1.4571631921187553e-01
   5.3430653337533503e-02   5.8616899091147354e-02  -1.2849211814295328e-01
   9.7730494564395684e-02   6.1804096953683323e-02  -9.7108207850512843e-02
  -5.2926451379851774e-02   1.0920664154835284e-01  -8.9853771128793794e-02
   7.7962647239470295e-04   9.5761410946070685e-02  -1.1674820922044694e-01
   5.3054839575596563e-02   1.0577731714558382e-01  -9.3794153203120081e-02
  -9.5562668686907090e-02  -1.0144055612296672e-01  -5.8125639152611201e-02
  -4.7538793700206861e-02  -1.3349119347488161e-01  -5.2164780821746089e-02
   4.6163128140675087e-03  -1.4589718616989819e-01  -3.8648424595430247e-02
   5.7369526132421293e-02  -1.3039423296301358e-01  -5.0070764736807244e-02
   1.0187127799600154e-01  -9.5556002197000250e-02  -5.7378507854320582e-02
  -1.3318124996555727e-01  -5.1699353795910029e-02  -4.8897152010080942e-02
   1.2982819086387618e-01  -4.7513689763342727e-02  -6.0729647966093751e-02
  -1.3568024189645225e-01  -2.7362982645736914e-03  -6.6214685914286170e-02
   1.3448111655303807e-01   7.3204877900928458e-03  -6.8280595700120822e-02
  -1.2823313519949767e-01   5.2277460298850192e-02  -6.0202410098013796e-02
   1.2856458661733214e-01   5.9058017818068333e-02  -5.2766443875964276e-02
  -9.6371466104610115e-02   1.0345810465131650e-01  -5.3009066232158106e-02
  -4.6566730621372829e-02   1.3893895512656781e-01  -3.6448681012815641e-02
  -1.9362761744842233e-03   1.3451506150527937e-01  -6.8578050882240185e-02
   4.7397304530053766e-02   1.3693444609155941e-01  -4.2467081332289193e-02
   9.5050444815463972e-02   1.0547356544862119e-01  -5.1397859215514013e-02
  -2.4394527950326102e-02  -1.4863784514962733e-01   1.0615931205320105e-02
  -1.1993516327296593e-01  -9.1516559221490060e-02  -6.4246399857452391e-03
  -7.7375761443029684e-02  -1.2965828807203361e-01  -1.6492044569933976e-03
   3.7138752597411902e-02  -1.4607647826507408e-01   9.1310214752591008e-03
   9.1353466148916651e-02  -1.2022938411267883e-01  -6.6288646434359397e-04
  -1.4787574714020327e-01  -3.0534187063664439e-02   1.1944990949112663e-03
   1.3033985759486091e-01  -7.6121266033834484e-02  -4.2513973652976347e-03
  -1.4965509429276552e-01   1.7231978100062963e-02  -1.0363960776773503e-02
   1.4920096082397341e-01  -1.9683268559125878e-02  -1.2354846337870201e-02
  -1.2856228322326232e-01   7.8908035129153550e-02  -6.8015677955934875e-03
   1.4547781544352639e-01   3.9895196562402153e-02  -6.7511854534202812e-03
  -8.9754003378371361e-02   1.2131458056795237e-01   5.2906917484410679e-03
  -3.7340287674124686e-02   1.4492020538073122e-01   2.0120561344559983e-02
   7.7147320652481380e-02   1.2972204023132400e-01   4.6349966953649607e-03
   1.2011237171065919e-01   9.1372213986090411e-02   5.0136487033512261e-03
   1.0919321174946706e-02   1.5056505218813523e-01  -3.4544876121365238e-03
  -9.1786051803015911e-02  -1.0866173784216290e-01   5.0684784931330669e-02
  -4.4369408136279501e-02  -1.3095397402226094e-01   6.0691122163075428e-02
   1.0169838268417919e-02  -1.3557517094178367e-01   6.5703480986172000e-02
   6.2951182822077220e-02  -1.2554410805667954e-01   5.5469140191228110e-02
   1.0871161789514254e-01  -9.1157950106906638e-02   5.1701182451924288e-02
  -1.2957702636128546e-01  -6.5060534456741190e-02   4.2165401641272776e-02
   1.3637788257658864e-01  -4.2922713466788123e-02   4.8576885579194130e-02
  -1.3832533503680061e-01  -1.0614251602396593e-02   5.9619118996156115e-02
   1.4540934428145882e-01   8.7824815525404717e-03   3.9749095755948073e-02
  -1.4051861187926884e-01   4.0822090381361566e-02   3.7270318651968254e-02
   1.2697228627438228e-01   6.0501307682263590e-02   5.4942063002696787e-02
  -1.0924175444156109e-01   9.0126999663060092e-02   5.2386668325675671e-02
  -6.1119921670807348e-02   1.2167143514767931e-01   6.5279530053902635e-02
  -3.8661777048885205e-03   1.3544720622074208e-01   6.6634127869658971e-02
   4.4445037754796086e-02   1.3594891283498539e-01   4.8410037367887022e-02
   9.1992454726128131e-02   1.0341886799572787e-01   6.0356656765791293e-02
  -4.5700344417403491e-02  -1.0097464062317099e-01   1.0255047767393431e-01
   9.7650094405301226e-03  -1.0330216294054596e-01   1.0970099234934631e-01
   6.4736685783238060e-02  -9.4296782492198250e-02   9.8581328482736930e-02
  -1.0316915685352593e-01  -6.3739484716648059e-02   8.9968901083589181e-02
  -6.1009022033299276e-02  -5.6718521526965868e-02   1.2594406911933417e-01
  -5.6429309003239274e-03  -5.6081056493436678e-02   1.4008594659506068e-01
   5.0073647168841433e-02  -5.0610587703513260e-02   1.3316230048897199e-01
   1.0221709717537800e-01  -4.7271201725001537e-02   1.0058875947397630e-01
  -1.0050571490881002e-01  -1.0621136020818453e-02   1.1219087636834021e-01
  -4.2874176154405502e-02  -5.7432751963199385e-03   1.4467142015304979e-01
   7.4854065942369860e-02   4.2473271241021361e-03   1.3107184680241712e-01
   1.1883478085180317e-01   5.8506900079294570e-03   9.2978837841387899e-02
  -1.1496411552362278e-01   4.1621367944318061e-02   8.8611025681428063e-02
  -7.1620492726328130e-02   4.0776298159997594e-02   1.2652588087029878e-01
  -1.7434862413406436e-02   5.1585539538740642e-02   1.4084018490162056e-01
   3.8398321318417146e-02   5.7851895380475769e-02   1.3408850480490178e-01
   9.0790020524028278e-02   5.8747693818927034e-02   1.0538918656201977e-01
  -6.8451427352274705e-02   8.6263183158096918e-02   1.0331536828985707e-01
  -1.2755141532265934e-02   1.0029534487723134e-01   1.1215681058432962e-01
   4.4322541689635210e-02   1.0356606375079666e-01   1.0055139351265291e-01
   1.5505025562537238e-02   5.6553595422870813e-04   1.5020078012909732e-01
