   1.4288017821503386e-02  -1.1017718743553662e-02  -1.4991818575616592e-01
  -3.2293926600361143e-02  -7.3655686278789073e-02  -1.2780039977844820e-01
   8.8007454560678144e-04  -9.1919989587843046e-02  -1.1979541302973609e-01
   2.4981335749533498e-02  -7.7375010276822365e-02  -1.2724009057223595e-01
  -5.4261286114341528e-02  -5.2822259788170317e-02  -1.3063889811265447e-01
  -2.5952270155240164e-02  -4.5321548633655721e-02  -1.4168075699697785e-01
  -7.1176330976150601e-03  -6.8099633269989607e-02  -1.3458372579023270e-01
   2.0980134038420688e-02  -5.4285881147078593e-02  -1.3933368969425552e-01
   4.9143114910234785e-02  -5.4272798970636305e-02  -1.3206217304289777e-01
  -7.5636826166688639e-02  -3.4325445782905507e-02  -1.2610247538900593e-01
  -4.5860953227341017e-02  -2.5938008454645240e-02  -1.4150969113981657e-01
  -1.4677978163254403e-02  -1.5615911472771825e-02  -1.4947140283650806e-01
   7.3161505091672493e-05  -3.8524283520722839e-02  -1.4600299389604679e-01
   3.2279568772174680e-02  -3.1283655321435115e-02  -1.4415395363850467e-01
   6.1762975051454880e-02  -2.7300498925819934e-02  -1.3505931167896099e-01
   8.6801627247629576e-02  -2.4289078119470266e-02  -1.2114668047978015e-01
  -8.9057066966850632e-02  -7.4822692677103692e-03  -1.2171217880667197e-01
  -6.4566285822836952e-02  -6.9615445808673092e-03  -1.3632216119212756e-01
  -3.5076289644286031e-02   1.9597098580974109e-03  -1.4685643820432978e-01
   4.3539500751909474e-02  -3.3671575056051541e-03  -1.4454748051974761e-01
   6.9579232311935107e-02   2.9637457285964742e-03  -1.3398114286024768e-01
   9.1264981268579612e-02   4.4695159092945271e-03  -1.2021533438618498e-01
  -7.5008234518278816e-02   2.3822054470881093e-02  -1.2886921461403095e-01
  -5.1045808320415713e-02   2.1318935877736742e-02  -1.4050205844028202e-01
  -7.2070483300716234e-03   1.3552590701152107e-02  -1.5021779435091895e-01
  -8.7782457977522612e-04   4.2314721061485767e-02  -1.4494721040950009e-01
   2.2627403018977262e-02   1.8264309625964814e-02  -1.4817359962727428e-01
   5.2744045879033356e-02   2.5751490482002769e-02  -1.3912557767091455e-01
   8.2303156189889481e-02   3.2302672469509110e-02  -1.2240803826755088e-01
  -5.5200876313795284e-02   5.1043806621314039e-02  -1.3095187306714975e-01
  -2.8730652200381755e-02   3.7984541473943166e-02  -1.4329244304273314e-01
  -1.3894288945339901e-02   6.8598367948136646e-02  -1.3379915040670312e-01
   2.9222366495577100e-02   4.4310379717565268e-02  -1.4136351561022895e-01
   5.7550351062904098e-02   5.1779107441560772e-02  -1.2964521250355426e-01
  -3.9205247846862093e-02   7.3066825436275823e-02  -1.2619503778647895e-01
   9.1859215362957991e-03   8.9826121196947606e-02  -1.2102845449000915e-01
   3.7677000166909828e-02   7.2589333183568625e-02  -1.2693396852847405e-01
  -5.1211049345061460e-02  -1.0390727432137069e-01  -9.6859211064725448e-02
  -2.7849927930104334e-02  -9.7087882818883683e-02  -1.1224671275380300e-01
   6.8820337048838814e-03  -1.1422841064325885e-01  -9.8516535738929573e-02
   2.9342786976225804e-02  -1.0178318109798482e-01  -1.0761126752363236e-01
   5.9627897075998720e-02  -9.8352010263321243e-02  -9.7838622064385872e-02
  -7.6414743168909227e-02  -8.7964706979780455e-02  -9.6041643844694186e-02
  -5.6852514558049010e-02  -7.9092748965835916e-02  -1.1538253182112973e-01
   5.0916042910780612e-02  -7.9828629144323121e-02  -1.1762630038918051e-01
   7.9595789178384418e-02  -7.7131736242517790e-02  -1.0254855244850972e-01
  -1.0094065387846111e-01  -6.7347548020740014e-02  -8.9868193317674372e-02
  -8.0303737936374395e-02  -6.1036161905544166e-02  -1.1236946477262506e-01
   7.2794877982429979e-02  -5.4472834777626128e-02  -1.2055959526645935e-01
   9.5002625892912293e-02  -5.1205626166427570e-02  -1.0561006070614359e-01
  -1.0161910436803423e-01  -3.5778874150889470e-02  -1.0580373241022011e-01
   1.0982898144097072e-01  -2.9792866139791326e-02  -9.9252103064950026e-02
  -1.0860283845420018e-01  -9.3319627884613787e-03  -1.0449563603426491e-01
   1.0940369465913392e-01  -3.9854133678291310e-03  -1.0399975036132827e-01
  -9.8442480215374412e-02   2.0049058577208470e-02  -1.1273026807035109e-01
   1.0723353776407980e-01   2.7393406971035386e-02  -1.0272083349116083e-01
  -1.0634951118621989e-01   4.2571769754590330e-02  -9.8378991102848395e-02
  -8.1794686516489079e-02   4.8734468244811979e-02  -1.1719889445965191e-01
   1.2928059616703893e-02   6.6217044593972235e-02  -1.3508948249137226e-01
   7.7751318189708388e-02   6.0303177426196355e-02  -1.1453933521750294e-01
   9.9320243019657792e-02   5.3305002880443389e-02  -1.0047420561732319e-01
  -9.0935138249531991e-02   6.9013797023990228e-02  -9.8837727876908893e-02
  -6.4268729975672526e-02   7.6043867007676305e-02  -1.1352471377560500e-01
   5.7032015556052515e-02   8.2675664557470718e-02  -1.1275231124724085e-01
   8.1970612587925207e-02   8.1048625445624134e-02  -9.7534296456862457e-02
  -4.5624545554026806e-02   9.8753789068227779e-02  -1.0472387496486374e-01
  -1.7611535707600823e-02   9.5170453306804667e-02  -1.1590262562771017e-01
   5.7789586753227064e-03   1.1363210972020116e-01  -9.9274101744438598e-02
   3.2331650172798550e-02   1.0094505010478663e-01  -1.0754422930332422e-01
   5.7045490583323817e-02   1.0417923788968558e-01  -9.3238931765824845e-02
  -1.9625427511554515e-02  -1.3155483913814858e-01  -7.1478436568831641e-02
  -2.1556979298249828e-02  -1.1632085142773936e-01  -9.3838990652397106e-02
   3.7007188915549549e-02  -1.2090201935308327e-01  -8.2547984135988545e-02
  -7.2095003077605635e-02  -1.1030304955212690e-01  -7.3732949152608723e-02
  -4.6848457402137111e-02  -1.2292362559867523e-01  -7.4135041031329910e-02
   6.1962865085928569e-02  -1.1486074300089921e-01  -7.5951386212658858e-02
   8.4214489101813103e-02  -9.8067066026373675e-02  -7.8049794274549847e-02
  -9.4643708099009877e-02  -9.2370271944269028e-02  -7.2878675744082286e-02
   1.0137281673666217e-01  -7.5152274899667290e-02  -8.2925795771159216e-02
  -1.2005732232460928e-01  -4.4662657799273177e-02  -7.9953025924914017e-02
   1.1655079075469767e-01  -5.0148568515364839e-02  -8.1865952937190720e-02
  -1.2419566841391196e-01  -1.6940708620122990e-02  -8.4198861860892399e-02
   1.2794702539996400e-01  -1.6840733800856142e-02  -7.8402476850859784e-02
  -1.1905419600262131e-01   1.4850631001005655e-02  -9.1687279232406549e-02
   1.2535405322347026e-01   1.5016253177897249e-02  -8.2836426051252146e-02
  -1.2760232255622034e-01   3.4907479492620609e-02  -7.2801889767577399e-02
   1.3168104463898989e-01   3.5524346929737931e-02  -6.4800642419654206e-02
  -1.1483843504738966e-01   5.9916984168090638e-02  -7.7608561667300277e-02
   1.1752134582063958e-01   5.1219205427029020e-02  -7.9789261632938591e-02
  -9.9506243754895002e-02   8.4341641048470278e-02  -7.6065728413277439e-02
  -7.3558317488930519e-02   9.3118471708997591e-02  -9.3376250485754611e-02
   1.0191095529430531e-01   7.7979869205741528e-02  -7.9588298069863783e-02
  -7.9428460967410255e-02   1.0724819855542123e-01  -7.0639532097584071e-02
  -5.4076983376782795e-02   1.1512430611402458e-01  -8.1382270861849584e-02
   5.2269428177818128e-02   1.2129115494804563e-01  -7.3194006648995460e-02
   8.0591425701558209e-02   1.0240229849101283e-01  -7.6287557092540773e-02
  -2.9681142536102378e-02   1.2915005967587884e-01  -7.2389860225507058e-02
  -2.1950506911686599e-02   1.1569301852179575e-01  -9.4521429906849835e-02
   2.6511671968546615e-02   1.2337308216282791e-01  -8.2928968684508636e-02
  -6.0801252635540225e-02  -1.2947480070761672e-01  -4.8378545448083003e-02
  -3.1759702746433895e-02  -1.3943377553611352e-01  -4.8482404243219542e-02
   1.1258161169167459e-02  -1.2966060625689085e-01  -7.6566187003039923e-02
   2.9909227735367180e-02  -1.3785891266159828e-01  -5.3864258057042785e-02
   5.4043952550576285e-02  -1.3023513337164144e-01  -5.4028337272044216e-02
  -1.0742016754192842e-01  -9.6415992570202586e-02  -4.4338064707052031e-02
  -8.6039943816089981e-02  -1.1414392949761386e-01  -4.8675367764074808e-02
   8.0135979831491844e-02  -1.1603867417467127e-01  -5.3983801572613135e-02
   1.0242693469216457e-01  -9.6210845967928685e-02  -5.5255734251773811e-02
  -1.1471839063173489e-01  -7.3798611330452429e-02  -6.4764618554899095e-02
   1.1930241072513878e-01  -7.0977488809990566e-02  -5.9414904505501444e-02
  -1.3108568788370864e-01  -5.2867263337512432e-02  -5.3128098961443646e-02
   1.3204620682422119e-01  -4.1701844660100698e-02  -6.0214245949608093e-02
  -1.3675670397124520e-01  -2.2277140069587094e-02  -6.0019438095013367e-02
   1.4072364203136209e-01  -1.6237698150753922e-02  -5.2289518377913222e-02
  -1.3629540082850419e-01   7.7144086445395518e-03  -6.4537211066659037e-02
   1.3957507364348365e-01   8.8801854473431457e-03  -5.6929264213030177e-02
  -1.4162455705873653e-01   2.7548790359029202e-02  -4.4548277044919260e-02
   1.4378584999597002e-01   2.8089639995327122e-02  -3.6573234282319053e-02
  -1.3094733137454967e-01   5.5796135050465302e-02  -5.0404243068555288e-02
   1.3238750215765335e-01   5.5834463628159567e-02  -4.6444180946735816e-02
  -1.1733159535159457e-01   7.8685904706697563e-02  -5.3318150124869103e-02
   1.1782617417404848e-01   7.4961534367476962e-02  -5.7434841732004659e-02
  -1.0330908543356362e-01   9.9609114888465286e-02  -4.6970811127946793e-02
  -8.0555277538195427e-02   1.1893740748387566e-01  -4.6537515638017515e-02
   7.9930269371581347e-02   1.1637120806278717e-01  -5.3571391359512388e-02
   1.0254287249849230e-01   9.7518519240662363e-02  -5.2688686687622374e-02
  -5.5793058435723020e-02   1.2939118215805345e-01  -5.4277588470099593e-02
  -2.3412391609829421e-02   1.4091362124989323e-01  -4.8951110971557320e-02
   2.4447639274709806e-04   1.3240396177388250e-01  -7.2595668864428337e-02
   2.7682354831726780e-02   1.3800516174862948e-01  -5.4674148934437936e-02
   5.6012731274253838e-02   1.3110339572908120e-01  -4.9754131119960944e-02
  -7.8482139683460739e-02  -1.2715831737396499e-01  -2.1732833992088644e-02
  -4.8148670969957813e-02  -1.4105440185577561e-01  -2.4214896261103652e-02
  -1.4899528439600008e-02  -1.4794410761404786e-01  -2.6297244619170830e-02
   1.0808010327165240e-04  -1.4157500765220296e-01  -5.2511956038316113e-02
   1.5831674123010023e-02  -1.4730484629576135e-01  -2.9182877723847138e-02
   4.6659766185201332e-02  -1.4121054344578973e-01  -2.6142850634296569e-02
   7.3521236605544035e-02  -1.2862324073395398e-01  -2.9183723393132365e-02
  -1.0271734680957674e-01  -1.0888519822214604e-01  -1.9853470037380774e-02
   9.8306932732490721e-02  -1.1078947911280823e-01  -2.9367299750608637e-02
  -1.2474231050994017e-01  -7.6921753641821661e-02  -3.6378562166592444e-02
   1.1955388829592180e-01  -8.5622908086659760e-02  -3.4301390702269882e-02
  -1.3721140776512583e-01  -5.9737121176698396e-02  -2.0137177871611088e-02
   1.3414401315225721e-01  -5.8886508777082583e-02  -3.6589107934653309e-02
  -1.4293109548013944e-01  -3.5016665680334597e-02  -3.3845754083472027e-02
   1.4445765074061059e-01  -3.2629591144473204e-02  -2.9466878427282007e-02
  -1.4614832017962739e-01  -4.5724153209709198e-03  -3.7692990420047305e-02
   1.4850509573622156e-01  -3.1752148247970544e-03  -2.7150590254946563e-02
  -1.4867183336048723e-01   1.8208069439786347e-02  -1.9135103148594519e-02
   1.4922569369833374e-01   2.0075623369849555e-02  -1.1386908560409350e-02
  -1.3985513084780313e-01   5.1809973794923393e-02  -2.3606545509945918e-02
   1.3987826024290884e-01   5.3092023017877223e-02  -2.0403661516654421e-02
  -1.2458856574329384e-01   8.0887796519897998e-02  -2.7126622719841210e-02
   1.2283980220458431e-01   8.2810254985299744e-02  -2.9220620520587551e-02
  -1.0024634901479033e-01   1.1052958757632737e-01  -2.3127468071794704e-02
   1.0161937312482569e-01   1.0794048911038302e-01  -2.8694142543882424e-02
  -7.2955833115859389e-02   1.2993653112603132e-01  -2.4391479932646752e-02
  -4.3772260860200321e-02   1.4129649031099922e-01  -3.0336298471968441e-02
  -1.2091109261703032e-02   1.4938577051973498e-01  -1.8403712751689817e-02
   1.6641011013353868e-03   1.4372659857396630e-01  -4.6269813376351554e-02
   1.6212515584514510e-02   1.4839132225272736e-01  -2.2763343746229677e-02
   4.4949459683225425e-02   1.4145851113582272e-01  -2.7749517138543817e-02
   7.6913177266087124e-02   1.2709487789753449e-01  -2.7060213876578733e-02
   2.9792014788734894e-03  -1.5090191938127873e-01  -4.5535794265863672e-03
  -8.8097768026501946e-02  -1.2246776713011913e-01   6.4365583126125715e-03
  -5.9942349161248923e-02  -1.3859097970032394e-01   6.7462784954241430e-04
  -3.0411266071953828e-02  -1.4790589619868422e-01  -2.7668844271710174e-05
   3.3590984486615696e-02  -1.4720024922856262e-01  -2.1754053114512208e-03
   6.4765893713346276e-02  -1.3639458268411897e-01  -1.7020064443705894e-03
   8.9719699290328678e-02  -1.2144904269383994e-01  -1.2270240432600635e-03
  -1.0995116348796087e-01  -1.0320673781051903e-01   7.7531231226231710e-03
   1.1197576466505180e-01  -1.0118302081029824e-01  -4.9421075847856273e-03
  -1.2345631948181940e-01  -8.6430015690021580e-02  -9.4546056409296458e-03
   1.2888544650342712e-01  -7.8133188416907293e-02  -9.2057887994556106e-03
  -1.3276085972627852e-01  -7.1021568130667470e-02   1.1466951861782605e-02
   1.3487394603010955e-01  -6.6167860687635457e-02   1.5226059709875788e-02
  -1.4520488399609477e-01  -4.1430614081103483e-02  -2.1419743983114940e-04
   1.4226055235914734e-01  -5.0128454089670184e-02  -7.0762513416384011e-03
  -1.5006248086671881e-01  -1.2607619572502836e-02  -1.1104042725089342e-02
   1.5035255581082163e-01  -1.3916155626135331e-02  -1.2039824512254523e-03
  -1.4496937911812693e-01   4.2175172388105239e-02   2.4766816788687925e-03
   1.4393262710606891e-01   4.5385909229166591e-02   4.9515752834085507e-03
  -1.3245892796613237e-01   7.2479013139123846e-02  -1.5572592724331826e-03
   1.3125048641941009e-01   7.4632054010148413e-02  -2.0895762475787176e-03
  -1.1976981006805683e-01   8.8963193260638132e-02   2.3275369838781063e-02
   1.1912657012447954e-01   8.9972068227657867e-02   2.2691126662532174e-02
  -1.1412603646956547e-01   9.8828940812721366e-02  -3.0146737108604216e-03
   1.1246397827484889e-01   1.0069027634441097e-01  -3.7844207324725099e-03
  -8.9289934784393579e-02   1.2177126295458593e-01  -2.5896842230798241e-04
  -6.0896855477718233e-02   1.3816490160044032e-01  -1.7415391659208730e-03
  -3.5639725045943024e-02   1.4664296573321894e-01  -5.1624218749995532e-03
   3.2905248628353333e-02   1.4736989674661011e-01  -5.9845267115775163e-04
   6.2273882095394868e-02   1.3738644201625169e-01  -6.9230888253764217e-03
   9.0243450843384448e-02   1.2106176143612121e-01  -1.0814332440049399e-03
   7.7617885398146499e-03   1.5055984514893112e-01   8.5139689565527053e-03
  -7.2292533511170542e-02  -1.2907402502394694e-01   3.0243770642129388e-02
  -4.4424327029463077e-02  -1.4186717863756432e-01   2.6479856370396085e-02
  -1.2710406212871917e-02  -1.4883117482765557e-01   2.2107170179005854e-02
   3.2268666201443010e-03  -1.4394089506152896e-01   4.5514899326503822e-02
   1.6955235448217393e-02  -1.4865211719603327e-01   2.0397746052743308e-02
   4.7045037916270099e-02  -1.4127837887285311e-01   2.5063600509810869e-02
   7.3594387749340212e-02  -1.2913016490267670e-01   2.6650827454459160e-02
  -9.8840760343354178e-02  -1.0925342732861562e-01   3.3093695951020609e-02
   9.8512525146448315e-02  -1.1167365361385691e-01   2.5005548940241196e-02
  -1.2000736163610871e-01  -8.5659766947236690e-02   3.2582778882182716e-02
   1.1950049828118679e-01  -8.9933069666191245e-02   2.0800814670684665e-02
  -1.3900950542851745e-01  -5.1165993567281277e-02   2.9315499361119483e-02
   1.3761969077618813e-01  -4.8556866125520119e-02   3.8782102350628359e-02
  -1.4833852772784636e-01  -2.0628611721580304e-02   1.9265034907191756e-02
   1.4585156932362653e-01  -3.5603460710490156e-02   1.6146619190160239e-02
  -1.4738532992821179e-01   3.6844734125135118e-03   3.2634171931038292e-02
   1.4797936888703483e-01  -6.3354947151087601e-03   2.9376315128174044e-02
  -1.5034965551771606e-01   1.2109923938804286e-02   7.0235908124370956e-03
   1.4936047667535507e-01   1.5964914264722210e-02   1.5413290363536317e-02
  -1.4356820151969901e-01   3.7028925495829534e-02   2.8601227054504075e-02
   1.4159334337585361e-01   4.2355844170953796e-02   3.0956543350535014e-02
  -1.3379189836784436e-01   6.4670443541055653e-02   2.6804135190892607e-02
   1.3234616280929801e-01   6.7152847257250417e-02   2.7856566459261593e-02
  -9.9846609325531771e-02   1.1049465154406889e-01   2.4951685040279729e-02
   1.0030048732505718e-01   1.1038023087790057e-01   2.3601204920458398e-02
  -7.4335319951784759e-02   1.2883871061552118e-01   2.5997054729254506e-02
  -4.7184407875481831e-02   1.4149728188387373e-01   2.3519159698336203e-02
  -1.8857630579156681e-02   1.4907863583340780e-01   1.4864390569080337e-02
   1.2168629846944468e-03   1.4621516570280169e-01   3.7691438855244293e-02
   2.8676995396049190e-02   1.4446452840174129e-01   3.3296095397472192e-02
   5.0957003241019316e-02   1.4105586996402897e-01   1.7539252247049240e-02
   7.5251658312742303e-02   1.2894812802049735e-01   2.2595756265096051e-02
  -5.2604846808454050e-02  -1.3086737148534869e-01   5.3920878820497342e-02
  -2.3370990455092097e-02  -1.4052274962721006e-01   5.0081470049873046e-02
   3.5571043551592065e-03  -1.3308689276472452e-01   7.1247638436914743e-02
   2.8924169029787922e-02  -1.3971845441215261e-01   4.9428189756611590e-02
   5.4556744384431886e-02  -1.3014331074562127e-01   5.3733418934033578e-02
  -1.0072589750164536e-01  -9.5693926651397324e-02   5.9143604679839250e-02
  -7.8594090053051610e-02  -1.1613978283051105e-01   5.5995712807450471e-02
   7.9862231315535867e-02  -1.1682740935100493e-01   5.2672387772309155e-02
   1.0410926421606891e-01  -9.7637201637843243e-02   4.9287300197109640e-02
  -1.1890510877360755e-01  -7.2894340167184851e-02   5.7870461196774463e-02
   1.2355715629554111e-01  -7.4446379239043153e-02   4.4635924392308679e-02
  -1.3075532477042245e-01  -4.9960174076321986e-02   5.6639439001856459e-02
   1.2705975738704417e-01  -5.1238088648132160e-02   6.3493907774145597e-02
  -1.4146469011516682e-01  -2.5005774348803789e-02   4.6512930458493168e-02
   1.4077983719809450e-01  -2.4117396322845507e-02   4.8993761164914600e-02
  -1.3695925401924816e-01  -2.0409982691518948e-03   6.3553104287331769e-02
   1.3771536602503773e-01   1.0287170413661366e-03   6.1922691332326758e-02
  -1.4093212700083182e-01   2.1108867132378681e-02   4.9935471434733321e-02
   1.4242327727433371e-01   2.0549362342140918e-02   4.5763891855585707e-02
  -1.3204255818435284e-01   4.8875369300573221e-02   5.4561535021151214e-02
   1.3118506911262756e-01   5.0068078590023712e-02   5.5539761866776449e-02
  -1.1987501962315530e-01   7.4921247900593901e-02   5.3082824749308415e-02
   1.1925091542489613e-01   7.6376760316064690e-02   5.2410014824903303e-02
  -1.0317251029882703e-01   9.7781043406447984e-02   5.0944093563286226e-02
  -8.0522458022373761e-02   1.1682857115241115e-01   5.1654803421571076e-02
   7.9081713522149641e-02   1.1881090086564337e-01   4.9305703746067679e-02
   1.0248936767297098e-01   9.9323500625702110e-02   4.9312997652248294e-02
  -5.4219437020638278e-02   1.3147701805117423e-01   5.0744914755433211e-02
  -2.5986222274995096e-02   1.4143767042504157e-01   4.6055419188319097e-02
  -4.0478135579251331e-03   1.3513832388196212e-01   6.7247666307270998e-02
   2.4200805875846762e-02   1.3638016754592927e-01   6.0131280504442566e-02
   5.3739737320266635e-02   1.3339459968280229e-01   4.6031743484399576e-02
  -2.6613818222492508e-02  -1.2757484710581596e-01   7.6271639982025685e-02
   1.3279784431731806e-02  -1.1548767221450502e-01   9.6370352764332354e-02
   3.3411827298316439e-02  -1.2579658911283975e-01   7.6549774422677228e-02
  -8.0699592778267520e-02  -9.9352254923951583e-02   8.0110580867623293e-02
  -5.3308272969904660e-02  -1.1701410696590886e-01   7.9163923626466723e-02
   6.0211230542681328e-02  -1.1312595021637105e-01   7.9863177398467738e-02
   8.5946449056060373e-02  -9.9363871263350945e-02   7.4438088249324005e-02
  -1.0168410355053836e-01  -7.4880785733653699e-02   8.2790162537792589e-02
   7.0435583426360332e-02  -9.0949718221031942e-02   9.7816038270332681e-02
   1.0909799893695284e-01  -7.7482645849921039e-02   6.9964749839104251e-02
  -1.1596511984925038e-01  -5.0480246331843906e-02   8.2491428091803834e-02
   1.1233356579656155e-01  -5.1838220164026991e-02   8.6573488584297614e-02
  -1.2783416893150210e-01  -2.5438695194068328e-02   7.6238428895246568e-02
   1.2776628269762849e-01  -2.5828296852376725e-02   7.6221231211094365e-02
  -1.2010266679407522e-01   9.3577541528820919e-05   9.1522350670177846e-02
   1.2142944613238092e-01   4.6119822907451594e-03   8.9636037570461069e-02
  -1.2801510061155361e-01   2.5253095208554399e-02   7.5996152519726898e-02
   1.2807105598005805e-01   2.7762162737162335e-02   7.5020443482480506e-02
  -1.1708242931205330e-01   5.2555922460463513e-02   7.9564940524818287e-02
   1.1656389241567860e-01   5.5408987114610009e-02   7.8381778059948226e-02
  -1.0270401104723650e-01   7.7844787278887620e-02   7.8696093983842683e-02
  -6.2300987373154794e-02   9.7552352164439401e-02   9.6969714651096828e-02
   1.0158722454456845e-01   8.1763091566476764e-02   7.6130366259617138e-02
  -8.4073685176787427e-02   1.0021505250390195e-01   7.5429163540600905e-02
  -5.8446804811062861e-02   1.1651977211980249e-01   7.6210981574356351e-02
   5.2151428196248448e-02   1.2301412439121640e-01   7.0347379036846916e-02
   7.9601787956554551e-02   1.0466982449491319e-01   7.4221177532587404e-02
  -3.2931486109718425e-02   1.2804158622037803e-01   7.2951144067621126e-02
  -1.0703699504056452e-02   1.2001993640790702e-01   9.1003547631775997e-02
   2.3354511713873202e-02   1.2322263728566298e-01   8.4093688484764284e-02
  -6.0793553202228755e-02  -9.8000649169648416e-02   9.7473158620080269e-02
  -3.6009995766812020e-02  -1.0197555950230718e-01   1.0538152337609057e-01
  -1.3703632661598778e-02  -1.1658711755643132e-01   9.4977126044953078e-02
   1.9148316003690106e-02  -9.4579097747588908e-02   1.1614274089875333e-01
   4.2460659338527593e-02  -1.0471434908212704e-01   1.0016485164389761e-01
  -8.0666676460251940e-02  -7.5744496120626267e-02   1.0274560144497380e-01
  -5.5020414838391207e-02  -7.7664407504533489e-02   1.1722625029395510e-01
   5.1219000256060528e-02  -8.2319353217704144e-02   1.1576328476070653e-01
   9.2915697473607214e-02  -7.4549071148977755e-02   9.2790673851512004e-02
  -9.7468064798358442e-02  -4.9316030102382842e-02   1.0425404318012774e-01
  -7.4867336511758975e-02  -5.1332460622130795e-02   1.2066839026900335e-01
   7.5808304900857507e-02  -6.3943699452401317e-02   1.1386528974362491e-01
   9.6274387569520448e-02  -4.5098696035025858e-02   1.0723035910624472e-01
  -1.0889334890064509e-01  -2.3835525415410595e-02   1.0185826570963086e-01
   1.1183999174959458e-01  -2.1014305559111688e-02   9.9253288143612534e-02
  -9.7505511009717799e-02   1.0237244634723854e-03   1.1529365685481904e-01
   1.0304863408088716e-01   1.0051811778820554e-02   1.0991332991965375e-01
  -1.1034013388971314e-01   2.6276118001338042e-02   9.9677582615049554e-02
   1.0773212467766158e-01   3.4944872278270034e-02   9.9868139133019299e-02
  -9.8709576066411869e-02   5.2205595885729150e-02   1.0164642320812421e-01
  -7.4576098943357191e-02   5.6951083718925863e-02   1.1830460485387100e-01
   8.2928442163955382e-02   4.1360085759005648e-02   1.1921919638324666e-01
   9.5486263511485439e-02   6.2534086956074639e-02   9.8857783958498535e-02
  -8.0347616772987962e-02   7.8254872227085506e-02   1.0110111498704398e-01
  -4.9834544612286528e-02   8.1798527603675952e-02   1.1673268199247705e-01
   5.5294108409139731e-02   8.3090362049466057e-02   1.1331175274316015e-01
   7.7804128017854995e-02   8.6233186755890312e-02   9.6495363439416296e-02
  -3.8291813870011480e-02   1.0779279475689577e-01   9.8566984274868777e-02
  -1.8679295548060151e-02   9.7780275159370489e-02   1.1353898761036284e-01
   9.8893695093128856e-03   1.0966894744812758e-01   1.0332435500078462e-01
   3.3813105104494458e-02   1.0075764274475237e-01   1.0726402636351733e-01
   5.3425790024639049e-02   1.0780123225067542e-01   9.1244612364123664e-02
  -2.8461504781307875e-02  -7.8182319095305972e-02   1.2600979218482763e-01
  -8.5730867102517885e-03  -9.6130530761540059e-02   1.1613106061585340e-01
   2.9258436271018522e-02  -7.2812501167466667e-02   1.2900885078440300e-01
  -4.9174808087228489e-02  -5.3164504658132751e-02   1.3250046676913899e-01
  -1.9986976277247253e-02  -5.6853447028879872e-02   1.3845290296785775e-01
   3.5635633788804058e-03  -6.9163546312582980e-02   1.3418161154760283e-01
   2.3992233774036208e-02  -4.6119284770770187e-02   1.4176877050593575e-01
   5.1766865406563500e-02  -5.4967592864685680e-02   1.3076603297737849e-01
  -8.6104382477253022e-02  -2.2795598947028716e-02   1.2193193177694293e-01
  -6.2367002120137557e-02  -2.5662372453066885e-02   1.3510292256878373e-01
  -3.2247275526799651e-02  -3.2059357415153630e-02   1.4399066227789223e-01
  -1.9698060006419558e-03  -3.7164689901490702e-02   1.4634174281060686e-01
   2.0525829162783595e-02  -1.5017567079136736e-02   1.4884274593074320e-01
   4.4942204573770989e-02  -2.6060192682524838e-02   1.4178174990244360e-01
   7.2957484283420984e-02  -3.6187639446872942e-02   1.2715604680194179e-01
  -8.9458802982322824e-02   2.7121597234138664e-02   1.1858558737232444e-01
  -6.9056120366717141e-02   3.5500667606454877e-03   1.3423728716676442e-01
  -4.0735826748616789e-02  -5.8431252980551563e-03   1.4528403321032149e-01
   4.2210009130929045e-02   5.9721892058449333e-03   1.4485733700871492e-01
   6.5154933008930105e-02  -8.4398509325214408e-03   1.3595809509124018e-01
   9.1754178600433001e-02  -1.6148533362949941e-02   1.1883347836188866e-01
  -6.7293399449618332e-02   3.2440817543968034e-02   1.3122572822275738e-01
  -4.3912311997203045e-02   2.6084788378729972e-02   1.4209958715737803e-01
  -1.8299813102011661e-02   1.4285975066829860e-02   1.4920465058710958e-01
   3.3363933068909076e-03   3.4654207518065666e-02   1.4693180180272986e-01
   1.4325356167061907e-02   1.1920061187888919e-02   1.4984557488282355e-01
   5.8695754483775134e-02   3.0162795628598114e-02   1.3581610421981591e-01
   8.1768365040016597e-02   1.2698382319151894e-02   1.2630789985253962e-01
  -4.8099760734015257e-02   5.5755675992622107e-02   1.3182836421626459e-01
  -2.1498468572840049e-02   4.5936906970924153e-02   1.4222734064506440e-01
   5.5442115714086845e-03   6.1192105374405330e-02   1.3793399855691574e-01
   3.1630551543610726e-02   4.4723077507651608e-02   1.4071373261800585e-01
   5.6507689766880413e-02   5.7907603664168042e-02   1.2749349173618132e-01
  -2.2597190673439009e-02   7.3754549843012329e-02   1.2980998941191987e-01
   7.0936029069619570e-03   8.8479421424360730e-02   1.2215593633634268e-01
   3.1059346710546755e-02   7.4674386299128342e-02   1.2751491290340328e-01
  -8.8527773506232709e-03  -1.0561600600071457e-02   1.5036981387879997e-01
