  -1.3137737858355078e-01  -7.6080835517832429e-02  -8.9826092582468509e-01
  -1.6695730925346021e-02  -1.1391791622010575e-01  -9.0369517036052316e-01
   1.0701583591518860e-01  -1.0308183297018164e-01  -8.9880072684376400e-01
  -1.8115194357869058e-01   2.1469131422582211e-02  -8.9254918617049850e-01
  -5.7582105650834089e-02   4.0236124887056699e-03  -9.0916946255984643e-01
   5.3295511875011026e-02  -5.2662672781492448e-03  -9.0942446351686235e-01
  -1.0592198194358181e-01   1.1305510314627522e-01  -8.9773051490618971e-01
   6.7864741533987444e-02   1.0371040955137906e-01  -9.0252951630803091e-01
   1.9350076508360331e-01   1.0562802047511721e-01  -8.8392373834090809e-01
  -8.2429725203894411e-02  -4.5397611908776619e-01  -7.8551385964909826e-01
   2.5708095195342267e-02  -5.0165103599152472e-01  -7.6000416573204377e-01
   1.4083297748490048e-01  -4.4202310739215372e-01  -7.8402974751225174e-01
  -2.8671535782856777e-01  -3.0719529237071352e-01  -8.0829843246817323e-01
  -1.8410889462310129e-01  -3.9080124808961797e-01  -8.0205941139809511e-01
  -7.0896658637789989e-02  -3.4770497276128420e-01  -8.3904464464715400e-01
   3.3260830619803651e-02  -4.0213412864234077e-01  -8.1676364985688643e-01
   1.4728109094701403e-01  -3.3230559339272880e-01  -8.3534560084396636e-01
   2.4784406741974230e-01  -3.7631130247305972e-01  -7.9176014163120445e-01
   3.3187571032292124e-01  -2.9714967163202716e-01  -7.9465815640854787e-01
  -2.6860005621769162e-01  -1.9711931180362319e-01  -8.4789090496001995e-01
  -1.7048665420176787e-01  -2.8890276950188598e-01  -8.4698907343201590e-01
  -5.3584920223232163e-02  -2.3032906819968768e-01  -8.7977166166394316e-01
   4.2113678135797146e-02  -2.9752063996700379e-01  -8.6001680617735388e-01
   6.6380574698707978e-02  -1.9883623521786864e-01  -8.8655443762188191e-01
   1.7613687843201684e-01  -2.1113595854451839e-01  -8.6851505862921585e-01
   2.9242066783662696e-01  -1.9679610288927646e-01  -8.4004907410792207e-01
  -4.5321941168557173e-01  -9.7073168916474536e-02  -7.8427671439862379e-01
  -3.4836794741932975e-01  -9.6605251658160224e-02  -8.3619865974713781e-01
  -1.5482348408999436e-01  -1.8049146132358598e-01  -8.7941657999125478e-01
   2.3064983295678856e-01  -1.0273592071976578e-01  -8.7530965100978120e-01
   4.5392075387620523e-01  -8.3200862050635649e-02  -7.8546455410444282e-01
   4.0092375837544059e-01  -1.8703453661994549e-01  -7.9636626126517707e-01
  -4.1000219759902268e-01   7.1972662301778212e-03  -8.1349087107525753e-01
  -2.9753350609679219e-01   1.5221813779073987e-02  -8.6090830471951107e-01
  -2.4162102664251400e-01  -8.8774976216052862e-02  -8.7387601127508563e-01
   1.7254847490076211e-01  -5.1025355671596067e-03  -8.9449538173218335e-01
   2.8519395383823171e-01   1.4753032881354048e-02  -8.6508251439669903e-01
   4.9499130949782905e-01   2.3890020323598892e-02  -7.6441734049573007e-01
  -4.6077952417214346e-01   1.2092692744101338e-01  -7.7651780940514914e-01
  -3.4750682643252229e-01   1.1623747579109185e-01  -8.3405566649026242e-01
  -2.3487499908686674e-01   1.2168592295372507e-01  -8.7174954600437948e-01
   3.1074161056495170e-01   1.2353352980557826e-01  -8.4740788200091133e-01
   3.9352793280113202e-01   2.5133681214445945e-02  -8.2123386691847766e-01
   4.2487975150505175e-01   1.3098330277154424e-01  -7.9513619660788926e-01
  -2.7964990550749813e-01   2.1942141317259964e-01  -8.3879149601732983e-01
  -1.5073292684906847e-01   2.0932319461156373e-01  -8.7371871043324145e-01
  -8.3807678922579121e-02   3.0046958322710954e-01  -8.5592949622556003e-01
  -1.9984337442559074e-02   1.8835455886676378e-01  -8.9109157016048868e-01
   1.0659698278955833e-01   1.9990304476645282e-01  -8.8238135517091909e-01
   2.3647836605076503e-01   2.1461246348551680e-01  -8.5319427618018751e-01
   3.5363824446181752e-01   2.2656577586088344e-01  -8.0841136883551845e-01
  -3.2022185587802426e-01   3.1770256592087986e-01  -7.9148218086405842e-01
  -2.0889829517886577e-01   3.0646677957694368e-01  -8.3208209648273090e-01
  -1.1796738180234237e-01   3.9702040698327695e-01  -8.1140587455941582e-01
   2.4726830056952601e-02   2.8688194822770752e-01  -8.6429643737343531e-01
   8.3073445091791626e-02   3.6963658990563109e-01  -8.2848572354839878e-01
   1.5839819908734190e-01   2.9366991452304175e-01  -8.4769628513395834e-01
   2.7911851922688158e-01   3.1522610997260497e-01  -8.0786530549103797e-01
  -8.1810212365672208e-02   4.8908979807147690e-01  -7.6421152737647380e-01
  -7.0009809189516903e-03   4.1423597931357653e-01  -8.1134489565677148e-01
   1.0944627777789291e-01   4.6568053965418771e-01  -7.7529616745341368e-01
  -3.6850862896931685e-01  -4.7142609103163219e-01  -6.8693509960533061e-01
  -2.7907304027272350e-01  -5.4233435298932220e-01  -6.7669246172880348e-01
  -8.2326323147821553e-02  -5.5784810840991139e-01  -7.1550601986317908e-01
   2.8214835698276094e-02  -5.9154052885630137e-01  -6.9224614536083195e-01
   1.4127666245858084e-01  -5.3718596397966722e-01  -7.2207558104937819e-01
   2.5720130847222167e-01  -5.6744318767708002e-01  -6.6466285865772123e-01
   3.5809721948416995e-01  -4.9712934557333266e-01  -6.7420308154704556e-01
  -4.4859844539183125e-01  -3.8782143796962854e-01  -6.9157426719276205e-01
  -3.4507218624264485e-01  -3.7610454154414158e-01  -7.5458038677903339e-01
  -2.6689593237135639e-01  -4.4061028922906631e-01  -7.5136551312201250e-01
  -1.8061661573889420e-01  -5.0555790870837136e-01  -7.3600940147626515e-01
   2.5175522807156675e-01  -4.7556388538271710e-01  -7.3510495581129820e-01
   3.5046609215568869e-01  -3.9920013914527386e-01  -7.4009037769417751e-01
   4.5078750036307785e-01  -4.0927998187154457e-01  -6.7764409977187778e-01
  -5.1912662623809591e-01  -3.0613394523019011e-01  -6.8316217218787378e-01
  -4.1028353929592826e-01  -2.9474947022992926e-01  -7.5809706976216862e-01
   4.3341319345192153e-01  -2.9508853220227627e-01  -7.4498104801700238e-01
   5.2414176075647978e-01  -3.0947347708150902e-01  -6.7780718616297908e-01
  -4.8480427614608224e-01  -2.0487715789214042e-01  -7.4357996476809141e-01
  -3.7402787489662231e-01  -2.0342917824925980e-01  -8.0538234288886057e-01
   4.9973084040700055e-01  -1.9450925909625699e-01  -7.3644839280966201e-01
   5.8886841777875520e-01  -2.0570539146251782e-01  -6.6395803968775025e-01
  -5.5285791867091238e-01  -9.3874756570153400e-02  -7.1795309863650913e-01
   3.4385264949731859e-01  -8.9878755819663023e-02  -8.3881354584078294e-01
   5.5095158231391284e-01  -8.8427662966382353e-02  -7.2010686871331986e-01
  -5.1084057601857402e-01   1.3950335984088383e-02  -7.5416728516884057e-01
   5.8803508458773834e-01   1.9828008711765613e-02  -6.9551605974587005e-01
  -5.5359929474131708e-01   1.2810353781085665e-01  -7.1206622196412050e-01
   5.2816716585487744e-01   1.3051747761960025e-01  -7.3070215063912314e-01
  -4.8955132846850591e-01   2.3030298415341707e-01  -7.3295363583568818e-01
  -3.9266367283299891e-01   2.1830488758368072e-01  -7.9251448951698900e-01
   4.6506308175443789e-01   2.3337646174522722e-01  -7.4777854816271661e-01
   5.6769802952820159e-01   2.2947409713439956e-01  -6.7452322866906989e-01
  -5.1305918807681750e-01   3.5394427308386783e-01  -6.6439048840353798e-01
  -4.2040148928275373e-01   3.3441283567350660e-01  -7.3576602472908692e-01
   3.9710433410705948e-01   3.2566285245948373e-01  -7.5244458557513982e-01
   5.0635263054403101e-01   3.2662897255227513e-01  -6.8325802434408867e-01
  -4.3790554837724971e-01   4.4487475899712231e-01  -6.6351049690842778e-01
  -3.4070976208009079e-01   4.2836294093723276e-01  -7.2824655773641367e-01
  -2.2896736527640996e-01   4.0961633910223710e-01  -7.8083890808466805e-01
   1.9826189350691062e-01   3.9462291773047248e-01  -7.9679732327922703e-01
   3.1971326130058997e-01   4.0931490820940913e-01  -7.4844220649697901e-01
   4.3331811544662169e-01   4.1597109566958063e-01  -6.8492660803420347e-01
  -3.4696442657896215e-01   5.2753744247180301e-01  -6.5668937366081881e-01
  -1.5230107542714311e-01   5.5563161588553533e-01  -7.0569036400688423e-01
  -4.5210917459402179e-02   5.9251825412490411e-01  -6.9050640219425774e-01
   2.5143486122201110e-02   5.2558044021837336e-01  -7.4367600873329698e-01
   1.4188158633348458e-01   5.5775307719120348e-01  -7.0618844534815284e-01
   2.3185931839303472e-01   4.8794134603111949e-01  -7.3353629719848279e-01
   3.4646726733781213e-01   5.0074403416511992e-01  -6.7759637315404375e-01
  -3.7198764704266712e-01  -5.7082789248725452e-01  -6.0473275717974495e-01
  -2.7952963433183464e-01  -6.3648382159349026e-01  -5.8878903554673934e-01
  -7.6585361835213778e-02  -6.4680483577588932e-01  -6.3694519918867176e-01
   3.7744568497583945e-02  -6.7027962041544298e-01  -6.1580969300966937e-01
   1.4802085442599308e-01  -6.2250516218708440e-01  -6.4845828678908379e-01
   2.6213488754191372e-01  -6.4981423183207421e-01  -5.8219220609853750e-01
   3.6280691868002890e-01  -5.8690726093014678e-01  -5.9483779875305320e-01
  -4.6025357530362088e-01  -4.9174834623286706e-01  -6.1340949650089127e-01
  -1.8270177929796247e-01  -6.0300607348802093e-01  -6.5797016283257137e-01
   4.5585882016875168e-01  -5.0904200129797594e-01  -6.0248649527512899e-01
  -5.3927264338649172e-01  -4.0518636283355636e-01  -6.1231530069782114e-01
   5.4022905816519806e-01  -4.1655183248623395e-01  -6.0378649833058229e-01
  -6.0862215480260806e-01  -3.0776984421851944e-01  -6.0396837307357043e-01
   6.0936945304240875e-01  -3.1833309475501254e-01  -5.9770721133552929e-01
  -5.8603111355243809e-01  -2.0088932850809257e-01  -6.6793114288828825e-01
   6.6822249039391246e-01  -2.1372591911392741e-01  -5.8113762124875967e-01
  -6.4239894724516622e-01  -8.6395036729960684e-02  -6.4014099244364453e-01
   6.3691030517658020e-01  -9.6934280450194463e-02  -6.4410403541157901e-01
  -6.0340604292249544e-01   2.2279610222113097e-02  -6.8214790649313639e-01
   6.7583498865701730e-01   1.3228328860104039e-02  -6.1073159360110196e-01
  -6.3677306734971006e-01   1.4176551514861285e-01  -6.3588017693012922e-01
   6.2360718509260837e-01   1.2415913303249865e-01  -6.5239527005144216e-01
  -5.7799469255068370e-01   2.4809135475592534e-01  -6.5900972305316796e-01
   6.6116957029105261e-01   2.1441010929423543e-01  -5.8890075934199826e-01
  -5.9489900387267247e-01   3.5811250158147861e-01  -5.8972163891310603e-01
   6.0619383529508808e-01   3.1597393941152629e-01  -6.0217149024425731e-01
  -5.2315381432720887e-01   4.5770274594757626e-01  -5.8884572080209330e-01
  -2.5355841274362800e-01   5.0737363031160698e-01  -7.1288226979729952e-01
   5.3789920596400187e-01   4.1407224647121749e-01  -6.0756038294607240e-01
  -4.3693123071391271e-01   5.4552162929577386e-01  -5.8431006460381363e-01
   4.5247368432662105e-01   5.0653605953823366e-01  -6.0713242820605062e-01
  -3.4242501865995667e-01   6.1968676451880900e-01  -5.7328389169410743e-01
  -2.4640392211985990e-01   6.0065027117363012e-01  -6.3908165276668472e-01
  -1.3715057264979605e-01   6.4452911022299708e-01  -6.2904129156755872e-01
   5.8492895132279052e-02   6.2226124385419912e-01  -6.6278995588049261e-01
   1.6388738557334653e-01   6.4904434456245808e-01  -6.1790239005964731e-01
   2.5348796879601437e-01   5.7922722565767970e-01  -6.5586635127332293e-01
   3.5729871623748355e-01   5.9021964246001590e-01  -5.9489444528371060e-01
  -3.6541051243145017e-01  -6.6186286963656882e-01  -5.0826538265067156e-01
  -2.6904197402303415e-01  -7.1668629791998473e-01  -4.9386047279321688e-01
  -1.7524878700371702e-01  -6.8285600877527808e-01  -5.7698919741466603e-01
   4.8598319399672900e-02  -7.4056243369498498e-01  -5.2832422351364050e-01
   1.5596830952395521e-01  -6.9855451654621536e-01  -5.6357472781976325e-01
   2.6446253568061939e-01  -7.2145555077971935e-01  -4.8936944680936756e-01
   3.6520718022949605e-01  -6.6657347219715735e-01  -5.0221959506957603e-01
  -4.5501338147957021e-01  -5.9033941510997623e-01  -5.2381599597772355e-01
  -6.4502269803818263e-02  -7.2361154766563196e-01  -5.4967880191535579e-01
   4.6043183788148678e-01  -5.9726091430529415e-01  -5.1108015311522115e-01
  -5.4122249624956753e-01  -5.0661917509479992e-01  -5.2946786586123906e-01
   5.4585494171722160e-01  -5.1290928177726813e-01  -5.1854358666328082e-01
  -6.2103397309371522e-01  -4.0716096132288926e-01  -5.2769096622744815e-01
   6.2226647424122894e-01  -4.2329917472200057e-01  -5.1334515066869713e-01
  -6.8809678128288931e-01  -3.0031068509019787e-01  -5.1600127132477169e-01
   6.8518763298161922e-01  -3.2562338635115312e-01  -5.0438905407458634e-01
  -6.7255922387146239e-01  -1.9386108232670812e-01  -5.8309773721438540e-01
   7.3659707321341394e-01  -2.2336483889231690e-01  -4.8729241783557958e-01
  -7.1940975454850886e-01  -7.8976660995112330e-02  -5.5329313395208557e-01
   7.1268167698043705e-01  -1.0343845231082407e-01  -5.5794830753385816e-01
  -6.8358663822986065e-01   3.1921838999308477e-02  -6.0134125438764185e-01
   7.5098721946771174e-01  -2.2494026558532362e-04  -5.1569287914225559e-01
  -7.1178372676876389e-01   1.4578920049785957e-01  -5.4957295723622368e-01
   7.1083962873550699e-01   1.1185535903068664e-01  -5.5867378753193597e-01
  -6.5415506293378300e-01   2.5549585597583829e-01  -5.8027926140546160e-01
   7.4170373225404052e-01   2.0026261302404766e-01  -4.8958294433650873e-01
  -6.6512770674077237e-01   3.6157175002238939e-01  -5.0674648820836476e-01
   6.9016360926969555e-01   3.0302551170103731e-01  -5.1163535032106078e-01
  -6.0687792699428011e-01   4.5936679838007161e-01  -5.0060196391261980e-01
   6.2794760668210436e-01   4.0552048128711776e-01  -5.2072636049932941e-01
  -5.2612324132063693e-01   5.4925223462107564e-01  -5.0143525774124142e-01
   5.4786309551198786e-01   5.0257563112000847e-01  -5.2648339345163664e-01
  -4.3595148788721144e-01   6.3016853704433939e-01  -4.9270164920398601e-01
   4.5610898478057288e-01   5.9128258404592193e-01  -5.2179545782462411e-01
  -3.3947781790541198e-01   6.9505557308629407e-01  -4.8122090714334154e-01
  -2.3831808797938381e-01   6.8048718574222922e-01  -5.5683272082598900e-01
  -1.3049894803764023e-01   7.2351731305970779e-01  -5.3797186010415698e-01
  -3.0211552352864188e-02   6.8231199272836462e-01  -6.0287528285996328e-01
   7.5498869775766017e-02   7.0822449588735903e-01  -5.6801319006487483e-01
   2.6402905016592498e-01   6.6589242360227519e-01  -5.6284717362492398e-01
   3.6236099114799991e-01   6.6715473682480908e-01  -5.0350776481247628e-01
  -8.0749333027507114e-02  -7.8592250551792220e-01  -4.5357067865553435e-01
   4.8792166808604952e-02  -8.0281140849800414e-01  -4.2782492545850470e-01
   1.5728096824100180e-01  -7.6495133975993246e-01  -4.6907690715772260e-01
  -4.3906501125881575e-01  -6.7938031276833288e-01  -4.1902900437928442e-01
  -3.3207957717600090e-01  -7.4491020248805884e-01  -4.0589770220070204e-01
  -2.0331272845869000e-01  -7.9115239657839220e-01  -4.0331479000273768e-01
  -1.6743251552796118e-01  -7.4574222363910270e-01  -4.9573772160869789e-01
   2.5706430048974815e-01  -7.8341156573380966e-01  -3.8743420614113783e-01
   3.5480673490947434e-01  -7.3776201491634652e-01  -3.9967535601967469e-01
   4.4944183454819148e-01  -6.8057680531106424e-01  -4.0587959967278397e-01
  -5.2880112959706216e-01  -5.9971275309310401e-01  -4.3661765781328449e-01
   5.3542293702360388e-01  -6.0776549754813503e-01  -4.1697047677154375e-01
  -6.1456101026313370e-01  -5.0464160899172217e-01  -4.4449140727195802e-01
   6.1661309487233074e-01  -5.2232660059272584e-01  -4.2057604965715339e-01
  -6.9330348881030301e-01  -3.9586625516363005e-01  -4.3879514631111005e-01
   6.9002862256411457e-01  -4.2722493061581518e-01  -4.1383614958409065e-01
  -7.5759365802061784e-01  -2.8087490334672327e-01  -4.2081128549138352e-01
   7.4970102008309569e-01  -3.2625829683919527e-01  -4.0177718231621318e-01
  -7.4546735533829434e-01  -1.8182306984042990e-01  -4.9105986742833502e-01
   7.9519410980461191e-01  -2.2253496187402874e-01  -3.8479282539539783e-01
  -7.8865535594661629e-01  -7.5332107149570074e-02  -4.4974304126815007e-01
   7.7784623725148416e-01  -1.1553255555135432e-01  -4.5992223234095164e-01
  -8.1445948183067385e-01   3.3323968310683010e-02  -4.0677544861032999e-01
  -7.5427054312069819e-01   3.3298264255356855e-02  -5.0979228454145076e-01
   8.1140485060574785e-01  -1.5584833427092631e-02  -4.1388438165810304e-01
  -7.7813131646586831e-01   1.3935839000665384e-01  -4.5278239085663480e-01
   7.8155326037465911e-01   9.6053226364485836e-02  -4.5811491888249589e-01
  -7.2449438377166453e-01   2.5148952020355775e-01  -4.9171323869823047e-01
   8.0840140613759848e-01   1.8055654844786548e-01  -3.7921959254150273e-01
  -7.2865614860721784e-01   3.4751385476135849e-01  -4.2215558488050320e-01
   7.6182563879047871e-01   2.8555801251417795e-01  -4.0987719815871115e-01
  -6.8091588232610778e-01   4.4907366240700552e-01  -4.0571838376935920e-01
   7.0187848460608437e-01   3.9433921930917326e-01  -4.2636155192711994e-01
  -6.0572261207131584e-01   5.4325448186838454e-01  -4.0975075979846320e-01
   6.2736987291512047e-01   4.9413388679351494e-01  -4.3836029072077459e-01
  -5.2456545866505722e-01   6.2642528310667234e-01  -4.0291865712603525e-01
   5.4101516398708394e-01   5.8641199379667230e-01  -4.3970963813344349e-01
  -4.3484105917175814e-01   6.9866464607533019e-01  -3.9077098866576571e-01
  -3.3849319462317023e-01   7.5400264877317247e-01  -3.8317536825432597e-01
  -2.3578310501883223e-01   7.4682149451764690e-01  -4.6538691721416492e-01
   1.7463473628515488e-01   7.3041287946195188e-01  -5.1567502789907982e-01
   2.6470770758217094e-01   7.4098130971499765e-01  -4.5912691948919881e-01
   4.4871755023150722e-01   6.6812835860205655e-01  -4.2682321462868011e-01
  -1.2461245410277309e-01   7.8832145624683025e-01  -4.3925165668823335e-01
  -2.0907155390281405e-02   7.5582776615051972e-01  -5.0814198682002787e-01
   9.0578182207709079e-02   7.7973981062874109e-01  -4.6230122282836977e-01
  -2.7591115031574870e-01  -8.0665703188524807e-01  -3.2108950472029729e-01
  -1.4405483090295285e-01  -8.4306815988544181e-01  -3.1369616427507485e-01
  -4.5140997335631559e-02  -8.3306755609113148e-01  -3.6589853422485624e-01
   7.0468979066240264e-02  -8.5113319684476496e-01  -3.1706056869023652e-01
   1.5904667907492012e-01  -8.1793717991328529e-01  -3.6824438025683942e-01
   3.1048955028426589e-01  -8.0568504511923966e-01  -2.9049758559321343e-01
   2.8620534144590210e-01  -8.4485827074588349e-01  -1.8499190490425976e-01
  -5.1462364008345773e-01  -6.7776736808308835e-01  -3.2513828416379847e-01
  -4.0854598667577374e-01  -7.5037750439539530e-01  -3.1614043978659134e-01
   4.1525447978199659e-01  -7.5440289992122744e-01  -2.9725575118310082e-01
   5.1275816793549223e-01  -6.9017447482888472e-01  -3.0109675439982264e-01
  -6.0137488863387423e-01  -5.8692486534208310e-01  -3.5183582217245840e-01
   5.9995479265099627e-01  -6.0863711948311816e-01  -3.1549342871507624e-01
  -6.8503203699374937e-01  -4.8187711371902975e-01  -3.5839441341350120e-01
   6.7720187808471366e-01  -5.2069183381292017e-01  -3.1654167264213134e-01
  -7.5815677813130844e-01  -3.7156694238257171e-01  -3.4213638669691820e-01
   7.4512138056361110e-01  -4.2417142268236008e-01  -3.0788590810007022e-01
  -8.1184468152029632e-01  -2.7229774239707688e-01  -3.1093914609238532e-01
   7.9997297036821946e-01  -3.2229871804885907e-01  -2.9340719661302289e-01
  -8.0736716869277847e-01  -1.7687591608396699e-01  -3.8313726682021132e-01
   8.4220597422310295e-01  -2.1635498474477380e-01  -2.7166269077479227e-01
  -8.4308823331273397e-01  -7.2865229904933215e-02  -3.3736314131884315e-01
   8.3269502770289106e-01  -1.1813311565725815e-01  -3.5012077605305475e-01
  -8.5845949277992106e-01   3.3683404569891030e-02  -3.0304080172911352e-01
   8.6073716665960609e-01  -2.2110497987771382e-02  -2.9759646471275270e-01
  -8.3293031914814841e-01   1.3738193211665978e-01  -3.4245333721787491e-01
   8.3894561845608484e-01   7.6075756855304003e-02  -3.4684827877940161e-01
  -7.8689983711825706e-01   2.3664534713127006e-01  -3.9333017431208800e-01
   8.5589371015225113e-01   1.6291050854919928e-01  -2.6613365650750020e-01
  -8.0946305534029384e-01   3.4701233255654346e-01  -2.3296566934383489e-01
  -7.8034755918139320e-01   3.3306971458891227e-01  -3.3172767762625016e-01
   8.1703237820367580e-01   2.6852092327572646e-01  -3.0045899342506011e-01
  -7.4093913763141739e-01   4.3687429873138850e-01  -3.0011837903395161e-01
   7.6426949532583144e-01   3.7311353640164946e-01  -3.2649567756442960e-01
  -6.7218247613000059e-01   5.3139012619005499e-01  -3.0938043340111437e-01
   6.9280889958265690e-01   4.8032344898477619e-01  -3.4529148992472974e-01
  -5.9381202000183420e-01   6.1816970062867105e-01  -3.0850365658449413e-01
   6.1193972290519338e-01   5.7665901092595084e-01  -3.5059258498807655e-01
  -5.1220593323725483e-01   6.9559919679747961e-01  -2.8932307092807480e-01
  -4.2212302459910633e-01   7.5681769055573278e-01  -2.8099846149967739e-01
   3.0009215775891246e-01   7.9101772198625686e-01  -3.3787077463917525e-01
   3.5067653696879925e-01   7.3373356147727486e-01  -4.1058741722249686e-01
   5.2113370506951473e-01   6.6382310287520718e-01  -3.4304452995151474e-01
  -3.2583122604735226e-01   8.0110085785353591e-01  -2.8634319911394929e-01
  -2.3073361293809658e-01   8.0037869229831238e-01  -3.6888609187034788e-01
  -1.1300661317333463e-01   8.4035797675141666e-01  -3.3309004231492817e-01
  -1.0891668030200922e-02   8.1567360124952082e-01  -4.0556004215425562e-01
   9.3060070501731304e-02   8.3631630241848776e-01  -3.4904994712402404e-01
   1.9113056132685941e-01   7.9601107344417710e-01  -3.9969548343848682e-01
   3.0065113148589723e-01   8.2806352472028910e-01  -2.3203598032215506e-01
  -3.4901706310347852e-01  -8.0884856067747646e-01  -2.3210363106292639e-01
  -2.2025826865348325e-01  -8.5420768275245496e-01  -2.2745665480801888e-01
  -1.1011303380916879e-01  -8.8349627137281039e-01  -1.9295195841370771e-01
  -2.9213826469200226e-02  -8.7287413248138512e-01  -2.5914918712567853e-01
   8.1714677111526621e-02  -8.8305153863948171e-01  -2.0847947537109407e-01
   1.9515931192661401e-01  -8.4833977638592584e-01  -2.6861397351926869e-01
   3.9419392572287137e-01  -7.9871254655850943e-01  -1.9128621720659414e-01
  -5.6115144029436070e-01  -6.8519463914647472e-01  -2.1339720602786544e-01
  -4.6431105050533950e-01  -7.5384555804884557e-01  -2.1459991376664148e-01
   4.9128685381960807e-01  -7.4377412900562268e-01  -1.8803795437613516e-01
   5.8179174164934688e-01  -6.7247637348653599e-01  -1.9802751437873584e-01
  -6.4695219347185695e-01  -6.1579553277707222e-01  -1.7935919595537050e-01
   6.5931024250667281e-01  -5.9386178549026725e-01  -2.0629877328793816e-01
  -6.7313692109364687e-01  -5.5219949744671137e-01  -2.6811079888762912e-01
   7.3116890875801543e-01  -5.0158167297142819e-01  -2.0911444762328871e-01
  -7.4980826974734549e-01  -4.4799154542888148e-01  -2.5886701961186814e-01
   7.8975872277172121e-01  -4.0778491517589260e-01  -1.9978394019782286e-01
  -8.1033420318922089e-01  -3.5259279805919524e-01  -2.2126409084729740e-01
   8.3977989314753765e-01  -3.0300122113597122e-01  -1.8133116404859162e-01
  -8.5610365211957651e-01  -2.5059882511542181e-01  -1.8495341488680614e-01
   8.7552123465939835e-01  -1.9483464051524135e-01  -1.5944601128838540e-01
  -8.5501628712282429e-01  -1.6619120270046286e-01  -2.6692439547496605e-01
   8.7420105000571180e-01  -1.0883751334526062e-01  -2.3205154569132908e-01
  -8.8099242244971887e-01  -6.0148349453293407e-02  -2.2395429811507794e-01
   8.9868796803816420e-01  -4.7742385421439888e-02  -1.4142701558651521e-01
  -8.8617234842551795e-01   6.2730974406481246e-02  -2.0170372762053709e-01
   8.8337624574755724e-01   4.9593222410661747e-02  -2.1704359179639629e-01
  -8.7579724325634400e-01   1.7710231310094127e-01  -1.7758085313143168e-01
  -8.3717725765279316e-01   2.3207858952580307e-01  -2.7421664346400748e-01
   8.8255675597124628e-01   1.6202854437125852e-01  -1.5735731091514157e-01
  -8.5247399984192529e-01   2.8421154148200506e-01  -1.4977609716485041e-01
   8.1137667690274717e-01   3.5355859659910904e-01  -2.1583606498712632e-01
  -7.7367021046558848e-01   4.4385711205840411e-01  -1.8532746562045976e-01
   7.4737405917292055e-01   4.5947537852387949e-01  -2.4542899626108985e-01
  -7.1334322143274675e-01   5.2838125305495431e-01  -2.0463552931011436e-01
   6.7375728599205031e-01   5.5839720786306835e-01  -2.5330747684061417e-01
  -6.4343816676116372e-01   6.1128788576968940e-01  -2.0551264259469040e-01
   5.8889538837020294e-01   6.4925420567480674e-01  -2.4817775478450904e-01
  -5.6587171981837159e-01   6.8768855923385008e-01  -1.9181929571518017e-01
  -4.7804177451002311e-01   7.5565913051786626e-01  -1.7428809565855788e-01
  -2.8498034239622977e-01   8.4286452690663538e-01  -1.9566960349062257e-01
   2.0838453598888970e-01   8.3896103909126485e-01  -2.8747392933551907e-01
   4.2010075659743357e-01   7.3949772579038597e-01  -3.2646510970870218e-01
   4.9579435151912404e-01   7.2680290383964929e-01  -2.3636095272271038e-01
  -3.8518725853715052e-01   8.0800119623655708e-01  -1.6936895447787972e-01
  -2.0876824443265671e-01   8.4342440415547804e-01  -2.7381032594021382e-01
  -9.7671559643484299e-02   8.7760529221577976e-01  -2.2403173326934653e-01
   1.7997330798353605e-03   8.6350853808576755e-01  -2.9029427416644754e-01
   1.1568853536786659e-01   8.7164287336660484e-01  -2.3827686436926571e-01
   2.2737356300257641e-01   8.6760147838261992e-01  -1.5965568438301347e-01
   3.9513160769166900e-01   7.9065928869790392e-01  -2.2056722739048457e-01
  -1.9260994559569611e-01  -8.8306385455559633e-01  -1.1410800863669876e-01
   6.7986540651288996e-04  -9.0122549044408384e-01  -1.3309077036688927e-01
   1.0974764122976169e-01  -9.0100870740825312e-01  -7.7844488687445909e-02
  -5.2021285297872089e-01  -7.3960501753507557e-01  -1.1083323343057917e-01
  -4.0781830473759406e-01  -8.0491648178566033e-01  -1.2535823734702561e-01
  -2.9483100307321092e-01  -8.5167362483547682e-01  -1.3284470778486532e-01
   1.7553551667273401e-01  -8.7850797181752383e-01  -1.6532400261152216e-01
   3.5791851749524717e-01  -8.3307313819980477e-01  -8.8342975068403884e-02
   4.5693151395670067e-01  -7.8436500631498185e-01  -7.6851339752362566e-02
  -6.0700444671950982e-01  -6.7314255974634418e-01  -9.1354780503690364e-02
   2.3830822782288288e-01  -8.7555197016220943e-01  -8.0863688371189318e-02
   5.5052863726605139e-01  -7.2164114223525100e-01  -7.7931260630054594e-02
  -6.9698386258911205e-01  -5.8092929054631026e-01  -8.1582195825590606e-02
   6.3227464799519706e-01  -6.4997784443923412e-01  -8.7627457116355972e-02
  -7.3091680114385860e-01  -5.1723893563326717e-01  -1.6776624592151318e-01
   7.0843824188829141e-01  -5.6434502892832927e-01  -9.7728940207663650e-02
  -7.9515407252156800e-01  -4.2285860178111107e-01  -1.3726472180456539e-01
   7.7437623795419619e-01  -4.7072347042069529e-01  -9.3176480331716688e-02
  -8.4760193382619142e-01  -3.1849059058385210e-01  -1.0027814060724992e-01
   8.2960734110810885e-01  -3.6782594461480161e-01  -7.9854455403350580e-02
  -8.8445364606303045e-01  -2.0949355280896131e-01  -6.1442650474137647e-02
   8.7179476588522964e-01  -2.5789007860916685e-01  -5.8203037120694918e-02
  -8.8732269616620074e-01  -1.4171987934085326e-01  -1.4998302793303409e-01
   8.9856936655045039e-01  -1.3707019242841856e-01  -6.0875741020222460e-02
  -9.0356764114363475e-01  -1.4928543123827976e-02  -1.1516794900635860e-01
   9.1041198449100935e-01  -9.2270239913492657e-03  -3.1398734423658439e-02
  -9.0025932552800259e-01   1.0692027236904320e-01  -8.9566746934294339e-02
   9.0210981402051105e-01   7.2939692266355619e-02  -1.0391672021369484e-01
  -8.8266041719061050e-01   2.1701715595255103e-01  -6.1115807670030796e-02
   8.8171464514151132e-01   2.2002982823970196e-01  -6.3930894157587959e-02
  -8.1904731929512420e-01   3.8434601695047244e-01  -1.0658624681343462e-01
   8.5512629716400945e-01   2.6211146620995879e-01  -1.7314039153195673e-01
  -7.5948753196450602e-01   4.9585917710440380e-01  -8.4990383407827150e-02
   7.8766936911421903e-01   4.3625567394647263e-01  -1.3848809302143769e-01
  -6.9282914219136149e-01   5.8364878521621733e-01  -9.6243832249235994e-02
   7.2143350334890777e-01   5.3584594746950054e-01  -1.4941158196817325e-01
  -6.1563184372789759e-01   6.6557696765833962e-01  -8.9026586539766042e-02
   6.4419624836551626e-01   6.2737162671044211e-01  -1.4607202192922072e-01
  -5.2634029044113029e-01   7.3995010039757503e-01  -7.3217126274996658e-02
   5.5473256583751263e-01   7.0916353581516567e-01  -1.3885193505841201e-01
  -4.1638095490344978e-01   8.0759014825684983e-01  -6.5924599598085915e-02
  -3.0620034101092664e-01   8.5384896652423803e-01  -8.4286971296162680e-02
  -1.8864997263147584e-01   8.7665005594743739e-01  -1.6067628086778082e-01
   2.2319532984000948e-01   8.8165658076906239e-01  -5.2787482647107510e-02
   3.3912682618841367e-01   8.3834752913421307e-01  -1.0994278582031088e-01
   4.5353224942349335e-01   7.8011721867141237e-01  -1.2508646555582881e-01
  -8.0084149345084746e-02   9.0151669362252362e-01  -1.0380356517761451e-01
   1.1822604589618849e-02   8.9344279357053114e-01  -1.7759842521150349e-01
   1.1736866332812754e-01   8.9497050564089331e-01  -1.2318031864486381e-01
  -8.3472043512213601e-02  -9.0446634029962991e-01  -6.9957538670874231e-02
  -5.6918836339789156e-02  -9.0851768764462637e-01   3.5733140172437117e-02
   4.3040489963468098e-02  -9.0995482057813826e-01   7.1232527904131586e-03
  -4.5586405424346582e-01  -7.8852300677426967e-01  -1.8450795006686293e-02
  -3.4179801063316051e-01  -8.4411375018446866e-01  -2.3813791733553514e-02
  -1.8086585289141038e-01  -8.9286425541038295e-01  -1.4016662687667812e-03
   1.7817321206986406e-01  -8.9330469221750475e-01   1.3491974017706040e-02
   4.0673425510309408e-01  -8.1453391644285489e-01   3.1980379766319483e-02
   5.0547388157786655e-01  -7.5701781337297780e-01   3.6622196528854761e-02
  -5.5765167305943619e-01  -7.2037854801150791e-01   5.9924856215053254e-04
   2.9848904688066513e-01  -8.6061312640155674e-01   1.3051266513530257e-02
   5.9260507692929254e-01  -6.9104455382216379e-01   3.4607043074445676e-02
  -6.5072074414483760e-01  -6.3744400334283535e-01   1.2192446097971483e-02
   6.7417652843835951e-01  -6.1248581021161341e-01   1.6375005106048408e-02
  -7.2428942687474052e-01  -5.5116970614015093e-01   3.9214552794051900e-02
   7.4491872079001353e-01  -5.2415848153379929e-01   1.6582691360391175e-02
  -7.6709040701673437e-01  -4.8938185980814231e-01  -4.4706853542021238e-02
   8.0461984939391473e-01  -4.2662297593238152e-01   2.2377094715685976e-02
  -8.2558088037999000e-01  -3.8501466542008916e-01  -1.0045763408565498e-02
   8.5201236490501164e-01  -3.2052234749310926e-01   3.5515557245788108e-02
  -8.6604658504011123e-01  -2.8123519429853200e-01   2.8126109368888808e-02
   8.8657843925731006e-01  -2.0277824848052825e-01   5.2731897246777064e-02
  -8.9364589748688905e-01  -1.6828793529126054e-01   5.4746513498671399e-02
   9.0544254738325647e-01  -9.0986799735726653e-02   4.2616847161278497e-02
  -9.0565034719959503e-01  -9.3651632912938890e-02  -3.0786689818744516e-02
   9.0665150298847264e-01   1.8939485854881328e-02   8.6863962632951514e-02
  -9.1041746318666639e-01   3.2455122314714188e-02  -2.7762853399650690e-03
   9.0339988768576585e-01   1.1737343211824580e-01   3.6222040425943716e-03
  -8.9826803679790279e-01   1.4817117848866274e-01   3.2876069298592624e-02
   8.8211035412662986e-01   2.2094332766621624e-01   5.4647681582741053e-02
  -8.5204239845808383e-01   3.2171890634596056e-01  -2.1016577489180892e-02
   8.4076048677203441e-01   3.3963715270375405e-01  -8.7689271784761103e-02
  -8.0245240359338366e-01   4.3124430374136957e-01   4.4147998624653470e-03
   7.4979077184104215e-01   5.1601514578081220e-01  -3.8251376273591646e-02
  -7.3709866318718231e-01   5.3494940104699029e-01   2.0873405259745369e-02
   6.8230314324954966e-01   6.0247675788443544e-01  -3.7485689547431714e-02
  -6.6553815703927488e-01   6.2191279938592747e-01   1.4297953864896859e-02
   6.0179133360583470e-01   6.8325431141127957e-01  -3.0524362971438679e-02
  -5.7774717644092644e-01   7.0389807144068439e-01   2.5626258732525015e-02
  -2.5953761262736830e-01   8.7268646448675491e-01   3.1297960529345879e-02
   5.0941754592711597e-01   7.5466410933875161e-01  -2.9947386823347633e-02
  -4.7449750969889198e-01   7.7709870989440488e-01   2.9844737727186040e-02
  -3.6299814245198203e-01   8.3503061927914657e-01   2.9617789294590843e-02
  -1.9051531367052613e-01   8.8931498474444759e-01  -5.2381038229513704e-02
   2.0523049562007842e-01   8.8431462078928935e-01   7.6086103368675523e-02
   3.0804410259211096e-01   8.5719896316861122e-01   1.5484456751254956e-02
   4.0432761178793825e-01   8.1629136078028741e-01  -1.0420972187186101e-02
  -9.3367547945418614e-02   9.0608356318907224e-01   1.4699575138654329e-02
   2.0953133934187008e-02   9.0928874634523826e-01  -5.1729507519834857e-02
   1.2111003619200186e-01   9.0290928624204392e-01  -2.8600614429635240e-03
  -1.4593768414595870e-01  -8.9328022272521379e-01   1.0331329069439041e-01
  -5.9653252654408061e-03  -9.0160868530588301e-01   1.3033492807178551e-01
   1.0194276469452598e-01  -8.9870148491604240e-01   1.0892343061132403e-01
  -4.9333349356310391e-01  -7.5934650419964644e-01   9.9679239004930878e-02
  -3.9135328432741723e-01  -8.1863869756768048e-01   8.1205231917888046e-02
  -2.6969739522669561e-01  -8.6753943131441991e-01   6.7525181396171557e-02
   2.2149805165016731e-01  -8.7600908476014772e-01   1.1605040513876347e-01
   3.3309145819982405e-01  -8.3898325057172052e-01   1.2279326420623195e-01
   4.3480809483488086e-01  -7.8732491223858780e-01   1.4485304012882719e-01
  -5.8645249154196244e-01  -6.8745855409194989e-01   1.1573768431256012e-01
   5.3217981239726475e-01  -7.2451729194907377e-01   1.4758164162115636e-01
  -6.7027927652080821e-01  -6.0424440094016052e-01   1.2464106626311194e-01
   6.1903252386951158e-01  -6.5139387125006842e-01   1.4968553333436824e-01
  -7.4249373387461837e-01  -5.0914292069009803e-01   1.3927505687696465e-01
   7.0166495466560352e-01  -5.6557998500249462e-01   1.3306604359749896e-01
  -7.9114543421790340e-01  -4.4546559378626760e-01   7.4634487127713617e-02
   7.6676057299456879e-01  -4.7326244454816996e-01   1.3424560432776589e-01
  -8.3070119336182136e-01  -3.5393417775783770e-01   1.2077717152729424e-01
   8.1894531762270506e-01  -3.7392393953804931e-01   1.3939316405116634e-01
  -8.6241869848173069e-01  -2.5177326177131831e-01   1.5088145401642900e-01
   8.5971604988790973e-01  -2.6973831067459353e-01   1.3435236253799948e-01
  -8.8431351326768792e-01  -1.4189011349643982e-01   1.6666675116567878e-01
   8.9588807258615122e-01  -7.4822236730739303e-02   1.4733361560921321e-01
  -9.0633773285939045e-01  -4.6805214346723079e-02   7.9260241642708951e-02
   8.8626650760358761e-01   2.4074497992214471e-02   2.0945905577598392e-01
  -9.0147799582433485e-01   6.8097218635061449e-02   1.1234407798683631e-01
   8.9401283297606027e-01   1.2139949323371708e-01   1.2619119429151199e-01
  -8.7184238257382896e-01   2.5504411009292299e-01   6.9024356968400216e-02
   8.5339542438496552e-01   3.1807348568953253e-01   2.1598780986734366e-02
  -8.3047380976365082e-01   3.6111111839099680e-01   9.9161542298683528e-02
   8.0387456665375556e-01   4.2815870771884246e-01  -1.9667284809159410e-02
  -7.7412158833022160e-01   4.6602681695972825e-01   1.1608519438531142e-01
   7.6827592933606637e-01   4.8190186718994482e-01   8.6276803381010153e-02
  -7.0396847899678328e-01   5.6402057424553453e-01   1.2739769388295522e-01
   7.0729070021730778e-01   5.6940104934728863e-01   7.3778793622011049e-02
  -6.2634997810322091e-01   6.5035594962599419e-01   1.2101175032270090e-01
   5.7437414545464616e-01   6.8046439914380186e-01   1.9231105670530935e-01
   6.3334970682832414e-01   6.4998054081487688e-01   7.9463484837239168e-02
  -5.2459992304986403e-01   7.3365282192208892e-01   1.2833338467380875e-01
   5.5011940334282816e-01   7.2141811769049058e-01   8.2737787821753631e-02
  -4.1129342036664035e-01   8.0275186197876014e-01   1.2785996422941670e-01
  -2.9035939285697382e-01   8.5289302914934417e-01   1.3485512154969442e-01
  -1.7436281562965514e-01   8.9027643318263161e-01   8.3225483148577251e-02
   2.9237654993066547e-01   8.5293782949900931e-01   1.3013074986398587e-01
   3.8830889042097633e-01   8.1524325076998116e-01   1.2048090178124000e-01
   4.7482252717761136e-01   7.5823037399193904e-01   1.7190482145860370e-01
  -8.1354440674772710e-02   8.9605220831945986e-01   1.4280369374883498e-01
   9.0438733901995836e-03   9.0857361216111443e-01   6.5827043368279922e-02
   1.0381734820098266e-01   8.9780767351302038e-01   1.1438679816154954e-01
  -3.2300016262540454e-01  -8.3449238201352816e-01   1.7092208548152268e-01
  -2.1605762551962462e-01  -8.6748318980046824e-01   1.7525129919184201e-01
  -9.4879012311566258e-02  -8.8095655239953918e-01   2.1174164873048076e-01
   2.3476157704216568e-02  -8.7824708216889846e-01   2.4093968681240335e-01
   1.3153026869673290e-01  -8.7656662302258936e-01   2.1036098454642688e-01
   2.4904207581951049e-01  -8.4742535051654044e-01   2.2309038476237350e-01
   3.5948368000536390e-01  -8.0214144528806663e-01   2.3929393130828783e-01
  -5.1844287222475371e-01  -7.1693222052973005e-01   2.1713170981147595e-01
  -4.2537173303881703e-01  -7.8133849246052023e-01   1.9618880939307529e-01
   1.6569499320434328e-01  -8.4274549595687243e-01   3.0372059243887517e-01
   4.6666421347666692e-01  -7.3964292946478671e-01   2.5509576388673066e-01
   5.6294977502679455e-01  -6.6887169094714005e-01   2.5616247158159494e-01
  -6.0625859039020746e-01  -6.4014096926252395e-01   2.2932741015787386e-01
   6.4900918285306075e-01  -5.8830600052942505e-01   2.5020817395416450e-01
  -6.8783622923040844e-01  -5.5038800312614344e-01   2.3211068000612586e-01
   7.2213189469739747e-01  -4.9732745517498866e-01   2.4720827047232743e-01
  -7.6283412227853686e-01  -4.4421965390165191e-01   2.2510886471889147e-01
   7.8107857887337606e-01  -3.9839302834296841e-01   2.4722509701255699e-01
  -8.1811477588888759e-01  -3.2648417758217113e-01   2.3241621126927778e-01
   8.3089900137258998e-01  -2.8643578925229601e-01   2.3975485011455114e-01
  -8.4680807373152200e-01  -2.0181204465439104e-01   2.6853116187050124e-01
   8.7535930383109284e-01  -1.7134693947695576e-01   1.8522234079133873e-01
  -8.5974867362499863e-01  -9.7735860933042790e-02   2.8495775070655011e-01
   8.6640653563604741e-01  -8.1487339325796548e-02   2.6948196328650220e-01
  -8.8983746952582110e-01  -3.1670131048492631e-02   1.9263250148211775e-01
   8.5239293493542301e-01   3.2413699048306405e-02   3.1983845388911430e-01
  -8.7679062812502728e-01   9.9119983692751767e-02   2.2657101152809950e-01
   8.6792131630186553e-01   1.3553615931184287e-01   2.4137841292839088e-01
  -8.7788454820073891e-01   1.8589680698526875e-01   1.5710536968246522e-01
   8.3350184008730932e-01   3.2308324214802836e-01   1.7553603964483178e-01
   8.6765584329049827e-01   2.2770959238996458e-01   1.5887944844267218e-01
  -8.4236656323116510e-01   2.8774283198031436e-01   1.9376180168977469e-01
   7.8297647949810012e-01   4.2007778522151978e-01   2.0100618626335853e-01
   8.2018237330996446e-01   3.8589113942178649e-01   9.1158669513062313e-02
  -7.9355210032753043e-01   3.9316021744107221e-01   2.1359098175590188e-01
   7.2622193539584767e-01   5.1581092450916366e-01   1.9094970727108757e-01
  -7.3180320921693109e-01   4.9305850921612560e-01   2.2644727746071458e-01
   6.5772818573514635e-01   6.0152351466958720e-01   1.8837222456907665e-01
  -6.5714524650303563e-01   5.8731294002617107e-01   2.3053120282572517e-01
   5.8781303672718166e-01   6.2983656434602309e-01   2.9614647738301819e-01
  -5.7199685139554779e-01   6.7404185667181682e-01   2.2001858432412641e-01
  -4.6436979260077688e-01   7.4989076455819892e-01   2.2791563559841307e-01
   3.9202115743972837e-01   7.8419780834144559e-01   2.4753627918366305e-01
   4.9486429046495489e-01   7.1243820096283306e-01   2.7832021815070412e-01
  -3.5222250139557548e-01   8.1029021990757499e-01   2.2201366857194924e-01
  -1.9578640877964368e-01   8.6747277738821826e-01   1.9768576738738411e-01
  -8.5002667437090507e-02   8.6851691666315367e-01   2.6148405687250925e-01
   1.6176046512127850e-02   8.8917708192171097e-01   1.9754354584352285e-01
   1.0230563595301384e-01   8.6591706510631761e-01   2.6389807352444489e-01
   1.9568406049947862e-01   8.6826240010604383e-01   1.9429141264742669e-01
   2.9368675216778756e-01   8.2732351318155128e-01   2.4332056250566936e-01
  -3.4315410652408096e-01  -7.9657411077818785e-01   2.7863227597246654e-01
  -2.5311214805951482e-01  -8.0209029516329156e-01   3.5000914117999632e-01
  -1.7449606958044633e-01  -8.4708300501969913e-01   2.8622107593217211e-01
  -6.6099618015399625e-02  -8.4935316172236786e-01   3.2272441365728571e-01
   5.6726918764366370e-02  -8.4076331133828586e-01   3.4615041671934887e-01
   1.6290991899040308e-01  -7.9977102567730940e-01   4.0465746599019664e-01
   2.7147106516271508e-01  -8.0601425909152169e-01   3.2644367802204871e-01
  -5.2932693584768931e-01  -6.6536852451179462e-01   3.2713716018680922e-01
  -4.3759697714287382e-01  -7.3585770612909518e-01   3.1135722558798518e-01
  -2.2527958500875845e-02  -8.0995994817805805e-01   4.1638728779008571e-01
   3.8258139078217629e-01  -7.5230372613926166e-01   3.4291629162838133e-01
   4.8629395183383645e-01  -6.8202069276328292e-01   3.5817170051879338e-01
  -6.1593944184205851e-01  -5.8374903751354601e-01   3.3132561806370980e-01
   5.8300629595767406e-01  -6.0226885582685918e-01   3.5678688901740979e-01
  -6.9350722260637621e-01  -4.9085516115096156e-01   3.2867908811521640e-01
   6.6522216680544644e-01  -5.1156412915500360e-01   3.5454563959038177e-01
  -7.5845793206786349e-01  -3.9088504705901100e-01   3.1917306476113050e-01
   7.3179043438345992e-01  -4.1284955764464459e-01   3.5207812044699804e-01
  -8.0247807786582936e-01  -2.6751276100932708e-01   3.3821126125830442e-01
   7.8733971399667202e-01  -3.0513961456388239e-01   3.4191664245462189e-01
  -8.0914097778223215e-01  -1.5404932315763020e-01   3.8920519537679193e-01
   8.3811481965963097e-01  -1.8525882704989297e-01   3.0522731867740566e-01
  -8.2394714062684360e-01  -3.8260227717755488e-02   3.8674056475606033e-01
   8.2628617896779011e-01  -8.0946935856270635e-02   3.7499299196424146e-01
  -8.6205968337125949e-01   1.4566776129737589e-02   2.9421405700446568e-01
   8.2878417783551717e-01   1.4126255801612039e-01   3.5083140719190259e-01
  -8.3369712710794419e-01   9.9512734474055342e-02   3.5350716531558291e-01
   7.7639435612284546e-01   1.4841573175472766e-01   4.5288582926417276e-01
  -8.4408204883556104e-01   1.9755994710893249e-01   2.8002957367370063e-01
   8.3496668759944381e-01   2.4378033991649631e-01   2.7078178755117155e-01
  -8.0106114891602564e-01   3.0548819293834595e-01   3.0805681241064059e-01
   7.8991233682463480e-01   3.4802881460703511e-01   2.9126524738710297e-01
  -7.4617306706009412e-01   4.1072541439740173e-01   3.2318939952017500e-01
   7.3308512608956655e-01   4.4773097974435599e-01   3.0338781729563091e-01
  -6.7864317808860364e-01   5.1073900348692203e-01   3.2940872355021683e-01
   6.6904647289148012e-01   5.4154200423816701e-01   2.9837907895357418e-01
  -5.9857141195833141e-01   6.0387351088452479e-01   3.2706275795053397e-01
   5.9695234799726915e-01   5.6305689662288660e-01   3.9564608602380408e-01
  -5.0871107513824665e-01   6.8410425545779607e-01   3.2114702193266648e-01
  -4.0136878913409174e-01   7.5212887198139988e-01   3.2113276855689621e-01
   4.0497178622028179e-01   7.3328083112658071e-01   3.5807551587320685e-01
   5.0300312589627361e-01   6.5646953166535438e-01   3.8204267998962022e-01
  -2.9212318010888094e-01   8.0330854366648974e-01   3.1508797393030064e-01
  -1.8736197118886158e-01   8.3633688281782814e-01   3.0879946598202873e-01
  -1.0256333363364810e-01   8.2021878723011288e-01   3.8293981729342147e-01
   5.6246733621176824e-03   8.5061418392997701e-01   3.2610561655191694e-01
   1.0107759230559632e-01   8.1887588519552823e-01   3.8619503489680779e-01
   1.9908903974301431e-01   8.2930803560486555e-01   3.2020733335668838e-01
   3.0461161475588339e-01   7.8367420097799612e-01   3.5069575257951840e-01
  -1.4756924718578404e-01  -8.0023802997441773e-01   4.0958932196492503e-01
  -5.5524035189023782e-02  -7.6142925283871121e-01   4.9705490082868370e-01
   7.0284475237583424e-02  -7.8178794332577650e-01   4.6237290600881087e-01
  -4.4050654784200799e-01  -6.7712479198140019e-01   4.2116148612196774e-01
  -3.4770413343089351e-01  -7.4399672548747919e-01   3.9432436909095853e-01
  -2.4994097389089684e-01  -7.4496221126409268e-01   4.6095749626075788e-01
   1.8938840188172340e-01  -7.4056443565966723e-01   4.9559797201841699e-01
   2.8385091742147384e-01  -7.5585014805537565e-01   4.2194811335477850e-01
   3.9883112976158624e-01  -6.9013430933441322e-01   4.4110017571138149e-01
  -5.3222010115563745e-01  -6.0443826015162683e-01   4.2581351973693837e-01
   5.0264365771900310e-01  -6.1158790033745325e-01   4.5081103970032027e-01
  -6.1353250474860044e-01  -5.1900646296905573e-01   4.2910506523840525e-01
   5.9295686192575470e-01  -5.2391619158029534e-01   4.5148087899174322e-01
  -6.8546901992984222e-01  -4.2515561849646483e-01   4.2343349274391673e-01
   6.7026256580201948e-01  -4.2453015092844576e-01   4.4770888291072247e-01
  -7.4766069137723423e-01  -3.2728631494286442e-01   4.0473220605782395e-01
   7.3359375320048992e-01  -3.1765803651274765e-01   4.3686906173827511e-01
  -7.5369565032968322e-01  -2.2722303390671822e-01   4.5851233302534505e-01
   7.8884803502561107e-01  -2.0213168794542111e-01   4.0839020356097017e-01
  -7.7019316642956792e-01  -2.6167985666749747e-02   4.8583816535070889e-01
   7.7502515856503384e-01  -9.2582540340163041e-02   4.6977172841222564e-01
  -7.9055661877926720e-01   7.8337811395031501e-02   4.4587489255409463e-01
   8.0436870396246274e-01   2.9295586508266688e-02   4.2667757932293665e-01
  -7.9755930722482582e-01   2.0100294256479040e-01   3.9168605864818451e-01
   7.1073875906120010e-01   1.7182048350647680e-01   5.4336832610646679e-01
  -7.4698902828029878e-01   1.8946158421141421e-01   4.8583196656556077e-01
   7.9020759510673266e-01   2.5132900836017846e-01   3.7726209217508971e-01
  -7.4917270369143996e-01   3.1119012466381113e-01   4.1451413287773858e-01
   7.3823776992114132e-01   3.5835170343137013e-01   3.9561351305244674e-01
  -6.8832733520561562e-01   4.1867339682694382e-01   4.2525176824808192e-01
   6.7358834001307266e-01   4.6430563686290832e-01   4.0077428033216650e-01
  -6.1644668913138678e-01   5.1824229587901915e-01   4.2583964378742034e-01
   5.9735977900517279e-01   4.8417191963720935e-01   4.8852824551065022e-01
  -5.3390582274036824e-01   6.0634782758635319e-01   4.2096066850150926e-01
   5.0958612825814098e-01   5.8496754532816475e-01   4.7755203779234501e-01
  -4.4088253435908142e-01   6.7727819146072354e-01   4.2052091775416123e-01
  -3.3779120198965090e-01   7.3586204332471583e-01   4.1752264256248950e-01
  -2.2609969523537629e-01   7.8028556199259380e-01   4.1225522381211216e-01
   2.0383605674099067e-01   7.7752047173459560e-01   4.2875841450156821e-01
   3.0836815334190981e-01   7.2964986969886980e-01   4.4993460597394047e-01
   4.0933966466012606e-01   6.7064608292927108e-01   4.6108119717416762e-01
  -1.2741370005102584e-01   7.6099215521210128e-01   4.8433220907240015e-01
  -5.7742610264181144e-03   7.9679464564903035e-01   4.4159478096399407e-01
   9.5184939438348534e-02   7.6046303173848384e-01   4.9250056310956081e-01
  -3.4495370454892571e-01  -6.8091462939032443e-01   4.9727578786847459e-01
  -2.4727225567344907e-01  -6.6827853693746397e-01   5.6761010266104717e-01
  -1.6117369192276304e-01  -7.2814612686006508e-01   5.2320861897590654e-01
  -2.1356556305402560e-02  -6.9715051242445891e-01   5.8604271220542647e-01
   8.9064649401277798e-02  -7.2035357423953095e-01   5.5052630846069273e-01
   2.0834387599722606e-01  -6.7105457058817730e-01   5.7982720928494391e-01
   3.0861015418316318e-01  -6.8522807895851678e-01   5.1492062741928268e-01
  -4.4174742344066964e-01  -6.0743718490865695e-01   5.1555822200191881e-01
   4.1778146718329812e-01  -6.1213875933446726e-01   5.2977899637360770e-01
  -5.3051374421973296e-01  -5.3063149030076406e-01   5.1662983720953704e-01
   5.1456389121962454e-01  -5.2835176950958718e-01   5.3477977664549214e-01
  -6.1020104743202441e-01  -4.3591873880261850e-01   5.1725287323861036e-01
   5.9917900737557250e-01  -4.3301227441430246e-01   5.3235879566978062e-01
  -6.8352695249623296e-01  -3.3147333735016804e-01   5.0282932674731418e-01
   6.7017615399523678e-01  -3.2562174720889675e-01   5.2417115559784588e-01
  -6.7996267681939504e-01  -2.3143134147807942e-01   5.6036710495376363e-01
   7.2948259538341098e-01  -2.1427947872279801e-01   5.0185699958351948e-01
  -7.3632944512327758e-01  -1.2919553969287020e-01   5.2062314659253495e-01
   7.0420853053841426e-01  -1.1403965961207424e-01   5.6657418009691074e-01
  -7.0324060533281407e-01  -1.7630449211127278e-02   5.7884610931728120e-01
   7.4497296102249633e-01  -2.7736826769932479e-03   5.2433633674367752e-01
  -7.2847328103625164e-01   8.9198121099349034e-02   5.3971415954060986e-01
   6.9134164536026743e-01   7.0785832618361549e-02   5.8903064036693453e-01
  -6.7848609809449090e-01   2.0936229922837540e-01   5.7074078385403970e-01
   7.2902488193710058e-01   2.6694945869923070e-01   4.7663582326214932e-01
  -6.8192025501384446e-01   3.1790788068220177e-01   5.1365391578571851e-01
   6.5585037083386244e-01   2.8373055485028814e-01   5.6504713371667969e-01
   6.7055449071057271e-01   3.7653813279820125e-01   4.8836124901217431e-01
  -6.1770501210284323e-01   4.2280230123328716e-01   5.1922994144681889e-01
   5.9166318701410958e-01   3.9343797498325261e-01   5.7014229186527365e-01
  -5.4143516757695753e-01   5.1861189053371182e-01   5.1750426694662610e-01
   5.0864224004218328e-01   5.0110321173562178e-01   5.6577349074794669e-01
  -4.5506770405289576e-01   5.9895330188048856e-01   5.1389622191108741e-01
   4.1171334132648368e-01   5.9532488271763973e-01   5.5317394062899761e-01
  -3.5593265402216573e-01   6.6410791369529854e-01   5.1204845939423815e-01
  -2.4672495171669476e-01   7.1688836504081299e-01   5.0509293230999308e-01
  -1.4234251772439263e-01   6.9201109659753923e-01   5.7513498401136742e-01
  -2.4177045890761049e-02   7.3331222634457016e-01   5.3999041579047402e-01
   8.1928035236463762e-02   6.9424036673855738e-01   5.8415675142294599e-01
   1.9939591881155153e-01   7.1728543620217289e-01   5.2503701828876648e-01
   3.0440422912909093e-01   6.6541682913846290e-01   5.4265966202366667e-01
  -3.4142717805352324e-01  -6.0530111942238818e-01   5.8903228851431277e-01
  -2.2876951546741153e-01  -5.9507704724161981e-01   6.5074481683605989e-01
  -1.3328819921390772e-01  -6.5880145945439328e-01   6.1492755099367513e-01
  -1.9161297285684546e-03  -6.1906447317847368e-01   6.6833861664213223e-01
   1.0515789424596578e-01  -6.4734245714811356e-01   6.3230574918404747e-01
   2.1984569453017655e-01  -5.8889622390872454e-01   6.5938616004780237e-01
   3.2182420846403542e-01  -6.0520655558196357e-01   6.0006266666666985e-01
  -4.3074968751984377e-01  -5.3100272591541542e-01   6.0200648814772051e-01
   4.2673601761984514e-01  -5.2495995409712948e-01   6.1011016862554579e-01
  -5.2509310049838442e-01  -4.4308589081244315e-01   5.9822498206940578e-01
   5.1738023291682667e-01  -4.3781556887513540e-01   6.0873329318961145e-01
  -6.0516375803459121e-01  -3.3867757267917858e-01   5.9075826505059803e-01
   5.9291423152342526e-01  -3.3731010604018907e-01   6.0381752742044903e-01
  -5.9671443709275696e-01  -2.3348375428555768e-01   6.4756329192580975e-01
   6.5539011727462271e-01  -2.2548174306308763e-01   5.9122142867456307e-01
  -6.6038873940334375e-01  -1.2314476569389619e-01   6.1533980819662215e-01
   6.1858400466855379e-01  -1.2735995949803405e-01   6.5654723355206623e-01
  -6.2487188477157418e-01  -7.7273827626829737e-03   6.6286983275576616e-01
   6.6113154761036574e-01  -2.4292891784411540e-02   6.2628741977072855e-01
  -6.5855496082604326e-01   1.0243425836424461e-01   6.2107454164921272e-01
   6.0302554364384175e-01   7.1839185779162817e-02   6.7905841066850281e-01
  -5.9519821296960707e-01   2.1860852732755812e-01   6.5411803144192926e-01
   6.3497055273514325e-01   1.7974240926792884e-01   6.2803348913078694e-01
  -6.0327010810598602e-01   3.2330221782830237e-01   6.0121697631811410e-01
   5.7322872537188441e-01   2.9656548905048130e-01   6.4294536246307665e-01
  -5.3541866478183631e-01   4.2448628719168241e-01   6.0254397797128345e-01
   5.0200848465574099e-01   4.0944834287919507e-01   6.4051583575047555e-01
  -4.5111716684774883e-01   5.1234948344082332e-01   6.0325144723670543e-01
   4.1066047138357964e-01   5.0623001346411756e-01   6.3640407816978461e-01
  -3.5426758940930853e-01   5.8564648376454276e-01   6.0119353884447801e-01
  -2.5252533796383270e-01   6.4388404840586355e-01   5.9292941054962844e-01
  -1.4354330760398584e-01   6.1280369297456172e-01   6.5862580629583933e-01
  -3.1690664829033023e-02   6.5558931510793839e-01   6.3175893478366862e-01
   8.1932436887790755e-02   6.1328147655512744e-01   6.6865081043844810e-01
   1.9396059267284313e-01   6.4589527130881130e-01   6.1247007028173972e-01
   3.0611190925480636e-01   5.8808776913781913e-01   6.2479538634890908e-01
  -3.3174876532207392e-01  -5.2267103207629773e-01   6.6834029426301611e-01
  -2.2644342758828004e-01  -5.0682089335174729e-01   7.2234130171561661e-01
  -1.1786675978765081e-01  -5.7246816282870905e-01   6.9879083385852092e-01
  -8.6869020011321029e-03  -5.3335143711804234e-01   7.3849968331594007e-01
   1.0856302308177519e-01  -5.6459849561043851e-01   7.0665664135687467e-01
   2.1863017703420373e-01  -5.0028312088434213e-01   7.2927268195663131e-01
   3.2596644192701146e-01  -5.1750449216361949e-01   6.7517107411967936e-01
  -4.2831762822457264e-01  -4.4136226935559286e-01   6.7205978643373687e-01
  -3.3101476035676952e-01  -4.2781142713291848e-01   7.3302633734433376e-01
  -2.3360984129914814e-01  -4.0922604488293385e-01   7.7966754853441234e-01
   1.9592781295130210e-01  -4.0535972136666792e-01   7.9197019413969072e-01
   3.1311543245430412e-01  -4.2211353769862009e-01   7.4411013113013558e-01
   4.2369283862144214e-01  -4.3085788471077591e-01   6.8173811810948548e-01
  -5.1963377920169940e-01  -3.4081908589564519e-01   6.6614119089110468e-01
  -4.2603241021474658e-01  -3.3765195233729639e-01   7.3103251947462899e-01
  -1.2750611499137421e-01  -3.7892114494936568e-01   8.1858533858729177e-01
   3.9708138045564001e-01  -3.3931113870988594e-01   7.4640158657578382e-01
   5.0429723850792407e-01  -3.4010334181047297e-01   6.7818508692142920e-01
  -5.0723472177598294e-01  -2.3460174103926196e-01   7.1944142230357533e-01
  -4.1094548510719864e-01  -2.2587241705349850e-01   7.8104190635613291e-01
   4.6631355385167228e-01  -2.4831168275586887e-01   7.4216842946946349e-01
   5.7082319154758598e-01  -2.3544582780788070e-01   6.6981127652443473e-01
  -5.7326521649440387e-01  -1.2315306612021859e-01   6.9722400551244357e-01
   5.2448805351789085e-01  -1.4456971623645729e-01   7.3070710880921941e-01
  -5.3660841064752851e-01  -1.0113988247524738e-02   7.3611827912643579e-01
   5.6606403922354087e-01  -3.4910090036341462e-02   7.1293322906958190e-01
  -5.7683475393862649e-01   1.0885667932251059e-01   6.9665837396491370e-01
   5.1204181536484505e-01   8.3737961301222741e-02   7.4881381741724762e-01
  -5.0585857789505784e-01   2.1951235041920580e-01   7.2514993427802443e-01
  -4.1357397868988993e-01   2.1173140741835719e-01   7.8361175033511254e-01
   4.5700865517970934e-01   2.0144245703118516e-01   7.6189567894566157e-01
   5.4807242016290481e-01   1.9235115888161666e-01   7.0181098162801514e-01
  -5.1435530055996104e-01   3.2454796002844916e-01   6.7825382153530156e-01
  -4.1588447777359305e-01   3.2133614599499838e-01   7.4411301723868828e-01
   3.8919293791116821e-01   3.0626973033523242e-01   7.6462324667803228e-01
   4.8333823633569106e-01   3.1269621730467689e-01   7.0606389581910567e-01
  -4.3864760864312252e-01   4.2124930242182096e-01   6.7827597675341700e-01
  -3.3404278421057759e-01   4.0550657713558014e-01   7.4424514389859098e-01
  -2.3156481413962615e-01   4.7235872122440320e-01   7.4375800858594476e-01
   2.0325772407615644e-01   4.5469611197473409e-01   7.6279665924703610e-01
   3.0240878406788935e-01   3.9163708133214603e-01   7.6491197130403266e-01
   4.0241729824661837e-01   4.1232765453319886e-01   7.0566792712935855e-01
  -3.4549210868359498e-01   4.9899521342961972e-01   6.7938205732245660e-01
  -2.4445102014988779e-01   5.6120256406950120e-01   6.7469725123902691e-01
  -1.2489809154457500e-01   5.2361728922934181e-01   7.3494652944866801e-01
  -1.4687643467546299e-02   5.6494104162949688e-01   7.1452564167561716e-01
   1.0325830389335532e-01   5.2336214346134291e-01   7.3847869940074340e-01
   2.0530727262176365e-01   5.6076416762116510e-01   6.8797781368352162e-01
   3.0350030579117759e-01   4.9690266629302032e-01   7.0063992507959860e-01
  -1.2560636145790752e-01  -4.8070158497690074e-01   7.6359022267313281e-01
  -2.4144568608461300e-02  -4.4157459034411239e-01   7.9646087221478534e-01
   9.6986608292786061e-02  -4.7824557924527350e-01   7.6928262930097313e-01
  -3.2733205657855580e-01  -3.2112167901006267e-01   7.8718205772604311e-01
  -2.2285047611583653e-01  -3.0469705085922055e-01   8.2910697288868718e-01
  -3.4188642938806517e-02  -3.2784692559561612e-01   8.4927529698649706e-01
   6.0288419670757772e-02  -2.7393628809967902e-01   8.6674403171626646e-01
   7.1452539899505049e-02  -3.8088067852632168e-01   8.2446676298516475e-01
   1.6541330549008906e-01  -3.0259008903527296e-01   8.4320737448415650e-01
   2.8171843442370637e-01  -3.2531403902981793e-01   8.0294862831688329e-01
  -3.1013479109471626e-01  -2.0760441752829434e-01   8.3104621843515525e-01
  -2.0621518915256659e-01  -1.7865355111566042e-01   8.6918306727439909e-01
  -1.2328175596298922e-01  -2.6219973012438152e-01   8.6369781183547045e-01
   8.6964516576742961e-03  -1.8099869601731461e-01   8.9279608185105797e-01
   1.2652272569923956e-01  -1.8898858814824143e-01   8.8215435918628604e-01
   2.4532667736630909e-01  -2.2025019007526533e-01   8.4925006631982003e-01
   3.6069315630399096e-01  -2.3896557770515570e-01   8.0169626397252847e-01
  -4.7931057953247624e-01  -1.2557209136683534e-01   7.6446976278856116e-01
  -3.8054276287308125e-01  -1.1138670661560515e-01   8.2018364237178809e-01
  -2.7312842274307253e-01  -8.5854975543607145e-02   8.6484148135036332e-01
  -9.6524910071319095e-02  -1.5852554256402523e-01   8.9189326384411183e-01
   1.9922795247019054e-01  -1.1012960850350237e-01   8.8210016000757985e-01
   3.1643632019711881e-01  -1.3319928344104065e-01   8.4382877774516318e-01
   4.2624023004094064e-01  -1.3912660518348335e-01   7.9302210185136879e-01
  -4.3932034867434228e-01  -9.6312580397114305e-03   7.9801370295830809e-01
  -3.2937782180555775e-01   4.6376439285588144e-03   8.4935843008792289e-01
  -2.0495629532401882e-01   2.4966903916837209e-02   8.8729395958490731e-01
   2.6906058906356356e-01  -2.9330756948686809e-02   8.6986614263895878e-01
   3.7138779258910948e-01  -2.2140572911423215e-02   8.3156593397453449e-01
   4.7242305571250487e-01  -2.9369736457991687e-02   7.7837964709494445e-01
  -4.9022078529892382e-01   1.0359963061572558e-01   7.6083618354885574e-01
  -3.9218327443214585e-01   9.6773719244524964e-02   8.1654646317234403e-01
  -2.6764506391469767e-01   1.0433416235264031e-01   8.6452385873859661e-01
   1.8904473881503930e-01   1.1054811566114327e-01   8.8428626634711482e-01
   3.0658562044667392e-01   7.8143925887005000e-02   8.5429490469175628e-01
   4.1425775292214445e-01   8.8159170293497707e-02   8.0656027353016868e-01
  -3.1771278877768966e-01   1.8495639951188225e-01   8.3352907215447525e-01
  -2.1455291604717988e-01   2.2952367047793140e-01   8.5510638572401765e-01
  -8.1921530298068090e-02   2.3502596739806819e-01   8.7634049177372964e-01
   2.9022479061412653e-02   2.2902227784050119e-01   8.8126471162861986e-01
   1.5526287101841818e-01   2.3359140372904655e-01   8.6674650099496109e-01
   2.5853143011438756e-01   1.8676599838429819e-01   8.5334691743189850e-01
   3.6040983019826012e-01   1.8958217556455345e-01   8.1491370893161208e-01
  -3.1632388708146769e-01   2.9244836843524324e-01   8.0270427322971127e-01
  -2.3243806509317813e-01   3.6927741739093028e-01   7.9970477984117805e-01
  -1.4220126374926476e-01   3.1688469963005855e-01   8.4218993566088263e-01
  -3.0714668599451791e-02   3.5042691915359786e-01   8.4034432434886341e-01
   7.6130731060172291e-02   3.2314286487124844e-01   8.4835358234113845e-01
   1.8991811282259810e-01   3.4456852580567493e-01   8.2165968712479098e-01
   2.8883819214773004e-01   2.8994330904742399e-01   8.1389580186622434e-01
  -1.1956514050756084e-01   4.2422357042054382e-01   7.9728259699748227e-01
  -1.0798642013132938e-02   4.6626299831524159e-01   7.8256195009261142e-01
   9.8508151254057250e-02   4.2183979742981992e-01   8.0141645194048683e-01
  -1.6401105936708593e-01  -7.1223351348487091e-02   8.9327969115388073e-01
  -3.9160174695027729e-02  -6.6394911326560155e-02   9.0773299844601385e-01
   7.2753396966168282e-02  -8.5550099805015406e-02   9.0405150497813569e-01
  -9.1580278922535535e-02   3.0904795955618476e-02   9.0585812691580769e-01
   3.6425070499144917e-02   2.9062817909865434e-02   9.0980743394097807e-01
   1.5104680769126708e-01   3.9185667202126266e-03   8.9838216073179789e-01
  -1.5212130170322979e-01   1.3953206693135672e-01   8.8730542197485784e-01
  -3.7002887961872906e-02   1.2612122493804234e-01   9.0146837043936556e-01
   8.4339516329413944e-02   1.3099555091058182e-01   8.9757897236229311e-01
