  -7.8359262115808445e-02  -2.0895309251846092e-01  -4.3342651785916225e-01
  -1.4191004522523773e-02  -1.9208909359044044e-01  -4.4474227081654205e-01
   3.1630391581196425e-02  -2.3113265773440644e-01  -4.1901242910677333e-01
  -1.2268403919466815e-01  -1.4764846495687259e-01  -4.4181020521018033e-01
  -5.5630289262429480e-02  -1.3876621383315652e-01  -4.6017145223323364e-01
   1.3602887212933755e-02  -1.2419233083263956e-01  -4.6633736245198426e-01
   5.8705905470293099e-02  -1.6905316751076602e-01  -4.4712283947079312e-01
   1.2964433489660715e-01  -1.6221970816560261e-01  -4.3825298549304748e-01
   1.9108176622654879e-01  -1.5640800416890221e-01  -4.1544090217358182e-01
  -1.6080656561180273e-01  -8.7407427017277689e-02  -4.4691044352770343e-01
  -9.2119916449113631e-02  -8.0552106144809524e-02  -4.6705908061490531e-01
  -2.5447577819344171e-02  -6.9604417376247091e-02  -4.7733975003541523e-01
   4.6993487753483311e-02  -6.0970042530526486e-02  -4.7686334371252653e-01
   8.9995348429350946e-02  -1.0954787488965390e-01  -4.6217946074486843e-01
   1.6141576224766169e-01  -9.9542593292654122e-02  -4.4279823242554778e-01
  -1.9510346356595229e-01  -2.6775507217775215e-02  -4.3763650802116055e-01
  -1.2910040828859312e-01  -2.3312554678971840e-02  -4.6428780401654107e-01
  -6.1124061828934109e-02  -9.1284050877429371e-03  -4.7900100162586123e-01
   8.0549174760337870e-03  -3.1080763479581974e-03  -4.8292282148655774e-01
   7.8763471551776001e-02   2.2583579903956035e-03  -4.7656161485799492e-01
   1.2497136945082213e-01  -4.8655675127768784e-02  -4.6358568425472158e-01
   1.9628859192744891e-01  -2.6875573289114014e-02  -4.4113677604551071e-01
  -2.5331165204538131e-01  -1.6136550262012800e-02  -3.9962073939611864e-01
  -1.6668093607856763e-01   3.8403366027054534e-02  -4.5237922595722446e-01
  -9.8857181931830254e-02   4.8746526442407505e-02  -4.7070907376551768e-01
  -2.9390196951249666e-02   5.6573986693363318e-02  -4.7876046345942636e-01
   4.9367316459704082e-02   6.0061802347797594e-02  -4.7679244468466203e-01
   1.2523504203876443e-01   5.9958404005858834e-02  -4.6221223452341376e-01
   1.9120427262408679e-01   4.4365792665477785e-02  -4.4080758904560707e-01
  -1.9744692263631414e-01   9.9601615363023865e-02  -4.3705144711512056e-01
  -1.3641257386085440e-01   1.0831249765153257e-01  -4.5209899543954729e-01
  -6.5291597044019128e-02   1.1345146963895301e-01  -4.6463715508396031e-01
   1.1475451576327267e-02   1.1222008117375594e-01  -4.6931667999503152e-01
   8.4110964739200642e-02   1.1655890702104517e-01  -4.6214346511070303e-01
   1.5876706739091043e-01   1.1327682557422497e-01  -4.4240110203485350e-01
   2.1926925713303169e-01   1.0208724264206864e-01  -4.1376411666444746e-01
  -1.0370639512654166e-01   1.6767456409915732e-01  -4.3927201367185242e-01
  -2.4752158674992523e-02   1.6602117625151147e-01  -4.5249672681739855e-01
   4.3782947618566152e-02   1.7292868167681544e-01  -4.4695722412124045e-01
   1.1315493780487773e-01   1.7462744021163509e-01  -4.3988270811244445e-01
  -1.1666559815145527e-01  -3.3053231344550876e-01  -3.6753957543218962e-01
  -4.8078347779894830e-02  -3.2680567193450533e-01  -3.7848170723748892e-01
  -1.5783809519241579e-01  -2.6366506291392700e-01  -3.7397845768256566e-01
  -9.7963157649329724e-02  -2.7249112746311366e-01  -4.0215149145632395e-01
  -3.5213895770859725e-02  -2.5949013772777013e-01  -4.1533175044541698e-01
   1.5415036335565679e-02  -2.9199776941639183e-01  -3.8170321986814415e-01
   7.8928713039664269e-02  -2.6298895564490554e-01  -3.8589241159037446e-01
   1.3941613966175068e-01  -2.7204252813494667e-01  -3.7171170373886242e-01
  -2.0406573323714500e-01  -2.0370041746050918e-01  -3.7847821772097806e-01
  -1.4390602499595664e-01  -2.0669403549220208e-01  -4.0979227226788317e-01
   1.0251539159017389e-01  -2.1658995022173627e-01  -4.1746403314121100e-01
   1.6653084761116257e-01  -2.2154259120671005e-01  -4.0250674000338638e-01
   2.2739919017700574e-01  -2.1321385006778532e-01  -3.7611757577139215e-01
  -2.5130955300184693e-01  -1.4492238122124801e-01  -3.8553434361372674e-01
  -1.8986232418579105e-01  -1.4604915070277527e-01  -4.1745459386183303e-01
   2.4597435545066795e-01  -1.3517750837332579e-01  -3.8281173002255170e-01
  -2.8398457578355496e-01  -7.5322871405212502e-02  -3.7078781199128524e-01
  -2.2791214007321747e-01  -8.4051040497521073e-02  -4.1526362779125042e-01
   2.2186582881317224e-01  -8.3679833873668993e-02  -4.1625048829564304e-01
   2.8859189402261987e-01  -7.9250431518517864e-02  -3.7231467369856813e-01
  -3.0234879496157374e-01  -1.0811156104862094e-02  -3.4942696599048784e-01
   2.6407917022576921e-01  -2.8502766498465535e-02  -4.0663113728183442e-01
   3.2901818835954388e-01  -2.8696023185293771e-02  -3.6245326969635772e-01
  -2.9041437329811937e-01   5.1094770719351999e-02  -3.8222147284842772e-01
  -2.2953976911425891e-01   4.1359097992150706e-02  -4.2304556531454673e-01
   2.4969477953230865e-01   3.1725843919960424e-02  -4.1415990554437004e-01
   3.0743143374434778e-01   3.0553622355202471e-02  -3.7776501543613022e-01
  -3.2908625804936903e-01   1.1649765876885002e-01  -3.7184081835751054e-01
  -2.6486771457105468e-01   1.0686452912908403e-01  -4.0868271423549990e-01
   2.7802672558525837e-01   9.3054636323927659e-02  -3.7483934724748769e-01
  -3.5250000872849979e-01   1.8143255811156878e-01  -3.5652790205399643e-01
  -2.8233355682727623e-01   1.6835479895892649e-01  -3.8971941827582129e-01
  -2.1395198412376745e-01   1.5474213327157635e-01  -4.1589984863296153e-01
  -1.5916269188854162e-01   1.9369186660353316e-01  -4.0992146766424498e-01
   1.8108757856597582e-01   1.7272349150536906e-01  -4.2120113340078796e-01
   2.4040986363811043e-01   1.6230085477477993e-01  -3.8664891554082731e-01
  -2.2417680042622143e-01   2.1118628103991183e-01  -3.7890598654676000e-01
  -1.6586476981401690e-01   2.5228083442854748e-01  -3.6553369674028141e-01
  -1.0931823945463458e-01   2.3935661005736877e-01  -4.0138530659038779e-01
  -5.5536357379585670e-02   2.1626378021870213e-01  -4.2778997443037348e-01
   7.0496932740329405e-03   2.2896876593340842e-01  -4.1994256410284014e-01
   7.3591482448597201e-02   2.2945475823126724e-01  -4.1382191946683872e-01
   1.4376175458301765e-01   2.3582130893194506e-01  -4.0759373920191555e-01
   2.1044994022751681e-01   2.3213364339716286e-01  -3.9263572035647160e-01
  -1.0651059429375501e-01   2.9955921092938570e-01  -3.5944997093958020e-01
  -5.1530684490392518e-02   2.7517592536967878e-01  -3.9119858713035321e-01
   1.8300856658822508e-02   2.7681612062538913e-01  -3.8081736512289072e-01
   9.0373263765659545e-02   2.7901354244875337e-01  -3.7208044416053576e-01
   1.6459062731815877e-01   2.8900927288987821e-01  -3.7105296491283762e-01
  -1.4295778882838917e-01  -3.8151288384052995e-01  -3.2522179451500327e-01
  -7.8394123750192793e-02  -3.8850769406314062e-01  -3.4071625333590616e-01
  -1.4072651010154558e-02  -3.7025314111339158e-01  -3.3071559338845380e-01
  -1.7371688891860496e-01  -3.1696586082583628e-01  -3.3250916643685108e-01
   4.3392935204259034e-02  -3.4982667328333161e-01  -3.0268422382171978e-01
   7.9210774941177814e-02  -3.0696619366172950e-01  -3.3906290319904642e-01
   1.5880227521414747e-01  -3.1276859762636966e-01  -3.2675020955871981e-01
   2.2911505113270350e-01  -3.1541614390588263e-01  -3.1613659066769140e-01
  -2.1352307451491770e-01  -2.5499039232406961e-01  -3.3219153215395320e-01
   2.0990577076774733e-01  -2.7036263410890637e-01  -3.5893160413139408e-01
   2.7037583398713178e-01  -2.5495767841210942e-01  -3.2542546831023689e-01
  -2.6326177270837287e-01  -1.9874446688666406e-01  -3.4479378820277007e-01
   2.6970921118105884e-01  -1.8444848218823676e-01  -3.4476125647868505e-01
  -3.2013879854185417e-01  -1.9418459774322486e-01  -3.0167830711738652e-01
   3.0126611002450643e-01  -1.2984041843258359e-01  -3.2920382164143686e-01
  -3.0609764798446154e-01  -1.3294081796137269e-01  -3.4494599514002316e-01
   3.4734034715255402e-01  -8.3341393257454155e-02  -3.1537772387399765e-01
  -3.2780757962767648e-01  -6.8027834662123865e-02  -3.1196980802160901e-01
   3.8622957854233675e-01  -3.1708509218972100e-02  -3.1069616630249935e-01
  -3.3984706070343906e-01   5.5359207140741815e-02  -3.3421433531843581e-01
   3.6383925650219895e-01   2.9937700728608588e-02  -3.3232396430343619e-01
  -3.8492726158611845e-01   1.1772114331752809e-01  -3.2558740082357507e-01
   3.3261726721044893e-01   8.8857666941624378e-02  -3.2686913476322366e-01
  -4.2463469088443623e-01   1.6314999937585620e-01  -3.0582471020109853e-01
   2.9206679711289141e-01   1.5193921671344993e-01  -3.3745595422011404e-01
  -4.0100193259199968e-01   2.2021090721483463e-01  -3.1767028804756253e-01
  -3.4402764374187672e-01   2.4851409752701997e-01  -3.1888275054088627e-01
  -2.8965801411253000e-01   2.2662769327381208e-01  -3.5141039945328312e-01
   2.6657421013272331e-01   2.2142692918964946e-01  -3.5767957047931065e-01
  -2.2811656518040646e-01   2.6157719938854807e-01  -3.2704855565592650e-01
  -1.1927678369859236e-01   3.4036247739794628e-01  -3.1367130148241068e-01
   4.3386825762079792e-02   3.1372438865189362e-01  -3.3058647665443835e-01
   1.1731672497772909e-01   3.2099836036508683e-01  -3.2550947905258609e-01
   2.3412944794346591e-01   2.9253484535465063e-01  -3.5940897608291222e-01
   2.8832557665280900e-01   2.7691322901341259e-01  -3.3151140236623705e-01
  -6.5957660961974418e-02   3.5896282915776417e-01  -3.0706166768140764e-01
  -3.1263755321907130e-02   3.1965577088649455e-01  -3.4905583058523648e-01
   1.9003030821590550e-01   3.3784702325903326e-01  -3.2832982533249389e-01
   2.5793528538588434e-01   3.4747338366901287e-01  -3.1850161019082068e-01
   3.1028029179645544e-01   3.2877653282353114e-01  -2.9933715667972344e-01
  -1.6650326199898649e-01  -4.2736026762543700e-01  -2.7622142775830716e-01
  -1.0532392814946180e-01  -4.4467814886929496e-01  -2.9647214247491349e-01
  -4.3044360848910911e-02  -4.2820810682557431e-01  -2.9367957850248261e-01
  -1.9511051438243113e-01  -3.6489939694598111e-01  -2.7876532925007619e-01
   1.2127804637954438e-02  -4.0241118975258094e-01  -2.6572823992403805e-01
   6.6746742169539630e-02  -3.6741151494235835e-01  -2.4193765081426793e-01
  -2.2087175266937215e-01  -3.0540566612693426e-01  -2.7919523943068608e-01
   1.1421657565105596e-01  -3.3652349224371764e-01  -2.8417062248507347e-01
   1.9182261787643351e-01  -3.5032433687824011e-01  -2.7427367714731515e-01
   2.6091033558104859e-01  -3.5613028556534571e-01  -2.5964155637250186e-01
   2.8820069468980852e-01  -3.0950084797326077e-01  -2.8215706677675889e-01
  -2.6873070470983690e-01  -2.4498308505775432e-01  -2.9072013138477970e-01
   3.1395283899560644e-01  -2.6125872967031194e-01  -2.6514397253965655e-01
  -3.1893824135336057e-01  -2.4307434400584807e-01  -2.4266797070206730e-01
   3.0403512804365707e-01  -1.9741705741693061e-01  -2.9338954005332379e-01
  -3.6326136716549323e-01  -1.9166209974415624e-01  -2.5086861244709624e-01
   3.3708632062483235e-01  -1.3774763050513877e-01  -2.7017106868352342e-01
  -3.4745233226626754e-01  -1.3169498431129714e-01  -2.9266499190142126e-01
   3.8576249595516982e-01  -9.7058935149043263e-02  -2.5030880513043635e-01
   4.2836015913503100e-01  -4.7082826249320135e-02  -2.5232989843841080e-01
  -3.6410784125192580e-01   1.7611984998771887e-03  -2.2744075709419664e-01
   4.5414066501677924e-01   7.2761665267015137e-03  -2.3535059304104486e-01
  -3.8202404809108059e-01   6.1696612556677528e-02  -2.7960544807809251e-01
  -3.4112464412542631e-01  -2.3844920949790721e-03  -2.8799468019085639e-01
   4.1307964033360284e-01   2.4575102908484837e-02  -2.8379847275508346e-01
  -4.3252237471328647e-01   1.1204622740163737e-01  -2.6136859794263329e-01
   3.8050282371678773e-01   8.4855149314723641e-02  -2.7476365535220298e-01
  -4.7192754955989269e-01   1.6485234419757244e-01  -2.5191175657686765e-01
   3.3601445251638407e-01   1.4747045905162803e-01  -2.7523901937716477e-01
  -4.5928686317950435e-01   2.2354100672530153e-01  -2.7610589312918754e-01
   3.1173493266417307e-01   2.0743193538763313e-01  -3.0446716033932314e-01
  -4.0258034184516045e-01   2.7307609162058377e-01  -2.7555181221801534e-01
  -3.4174191926328018e-01   2.9483252781599495e-01  -2.5573053202453183e-01
  -2.8674499189106961e-01   2.7544355720896152e-01  -2.9377167231915069e-01
  -2.2282258436880556e-01   3.0225202402329110e-01  -2.6900898674489337e-01
  -1.6912514417432767e-01   3.0107791582120685e-01  -3.1626631306607139e-01
   3.3094755660824476e-01   2.6553337262849847e-01  -2.8098845387241705e-01
  -1.6747989607336955e-01   3.4791332269732084e-01  -2.5876187533388351e-01
  -1.1475462760763243e-01   3.8540238364772206e-01  -2.5805981849063020e-01
  -5.1111929179543450e-02   3.9232968983814548e-01  -2.4845012085410861e-01
   5.6428143279724696e-04   3.4933141388603833e-01  -2.9326259108211444e-01
   7.3556196777203500e-02   3.4187716043315602e-01  -2.7129792020666105e-01
   1.5051469818422827e-01   3.6003708221171277e-01  -2.7812337562227218e-01
   3.4958656189348203e-01   3.3538045328952443e-01  -2.5329907184003231e-01
   2.2201427614991878e-01   3.8384351307023790e-01  -2.8008866395042853e-01
   2.9919812230115311e-01   3.8942052451363335e-01  -2.7040117385819423e-01
  -1.2971660159158693e-01  -4.9051186842337791e-01  -2.4766183177983223e-01
  -6.4940499577118324e-02  -4.8294605795333650e-01  -2.4529335689053267e-01
  -1.8414758843093326e-01  -4.6611670608495537e-01  -2.2436034695945783e-01
  -8.7735110435859191e-03  -4.5494884034029814e-01  -2.1683240624416270e-01
  -2.1188580708846821e-01  -4.0861291531303479e-01  -2.2000594859286107e-01
   3.4958400580698858e-02  -4.1480545209470748e-01  -1.9472626587243938e-01
   2.1547980957250448e-01  -3.8255891388994900e-01  -2.1521066082963639e-01
   2.8730498451189845e-01  -3.8525411374750956e-01  -2.0398328500082197e-01
  -2.3279219601115933e-01  -3.4968614448168889e-01  -2.1504498009025833e-01
   8.8722082756316781e-02  -3.7532830434600178e-01  -1.7732540330436727e-01
   1.4261437647424932e-01  -3.6190767956689002e-01  -2.2755672185232798e-01
   3.2564274603866789e-01  -3.2740222399159674e-01  -2.2251774963607429e-01
  -3.0785092324504615e-01  -2.7613422786082531e-01  -1.7986965761121751e-01
  -2.6444367168133287e-01  -2.8685561994702163e-01  -2.2900596282415533e-01
   3.4377685619336706e-01  -2.6176687032485979e-01  -1.9596497406853125e-01
  -3.6504161020861503e-01  -2.3799065128154845e-01  -1.9035110566676333e-01
   3.3124617476527213e-01  -2.0393824921849080e-01  -2.3325959448471453e-01
  -3.7992011576902496e-01  -1.3342666213993634e-01  -2.2865552735328759e-01
   3.8710199159318209e-01  -1.2858146391105799e-01  -1.7637939113750509e-01
  -3.5703657606728378e-01  -7.1832226621594733e-02  -2.4796710096006161e-01
   4.3330745588986264e-01  -8.7361267502010995e-02  -1.8632843631936100e-01
  -3.8676634353627704e-01   1.7267886480821681e-02  -1.5919571034631477e-01
   4.7434439706283804e-01  -3.6323895482590303e-02  -1.8813229176393700e-01
  -4.1065137958950099e-01   6.0558150746594777e-02  -2.1725339741587324e-01
   4.8050432111795977e-01   3.1055472646357076e-02  -1.7870124685017835e-01
  -4.6181666496890139e-01   1.0722219556067704e-01  -1.9738168563340591e-01
   4.3486129726140860e-01   6.5529852696044041e-02  -2.2093171558973987e-01
  -5.0335373707619224e-01   1.5787480402701817e-01  -1.9123617070476898e-01
   3.6039121565200144e-01   1.5610869721641824e-01  -2.1510623491708250e-01
  -5.0931630076952183e-01   2.1758884423758604e-01  -2.2111250936123877e-01
   3.4689631855859310e-01   2.1582577064555378e-01  -2.3870278805045611e-01
  -5.1407818392260751e-01   2.7463450618723978e-01  -1.9625203362087332e-01
  -4.6300326901864786e-01   2.7702654213575401e-01  -2.4061425227665953e-01
  -4.0381267146649952e-01   3.1168338081491509e-01  -2.1530527037636729e-01
  -3.3953684453183497e-01   3.2257008251406766e-01  -1.9049299737126080e-01
  -2.7730745592567030e-01   3.0899626314553102e-01  -2.2889365281414742e-01
   6.6548143052359399e-02   3.5952862175700068e-01  -2.0987956953738504e-01
   3.6411337675885247e-01   2.7963700949576503e-01  -2.2106096442675779e-01
  -2.1075584644770914e-01   3.3849778351044130e-01  -2.0776703105567446e-01
   9.9174471595793959e-03   3.7222180687083223e-01  -2.2943064408105127e-01
   1.2507847554662022e-01   3.7331163102865178e-01  -2.1672896510267953e-01
   3.8629503252384345e-01   3.3974435836813610e-01  -1.8418205529727044e-01
  -1.6060796232928218e-01   3.8965869244974055e-01  -1.9861027010138707e-01
  -1.0457765123730939e-01   4.2161339934403191e-01  -1.9472493692013904e-01
  -3.8685651751633320e-02   4.1145679602953383e-01  -1.8731616965080941e-01
   1.8487488026673843e-01   4.0038984737198635e-01  -2.2348946473862430e-01
   2.4896787650684615e-01   4.2310308861452717e-01  -2.2745057725072579e-01
   3.1316821324817268e-01   4.2910736188743770e-01  -2.2128592324224988e-01
   3.5886785632561929e-01   3.8899841690276871e-01  -2.2188244377152502e-01
  -1.3937034451977409e-01  -5.5960679259027113e-01  -1.4283584940846072e-01
  -1.6342896797286441e-01  -5.2043889231731177e-01  -1.9054495570058172e-01
  -9.7914863696213841e-02  -5.2785731060248542e-01  -1.9944835718730231e-01
  -7.6255749639457110e-02  -5.4954953139282714e-01  -1.3817141289704205e-01
  -2.1369051982370485e-01  -4.6449402830351805e-01  -1.6805320968685553e-01
  -3.6809657127296565e-02  -5.0605465972274677e-01  -1.7252173258604339e-01
  -2.3762013861102924e-01  -4.0084746556619633e-01  -1.5193394659400392e-01
   6.0846392661260103e-03  -4.6920667542195627e-01  -1.4590683982862529e-01
   1.1224985477554984e-01  -3.7915261933674599e-01  -1.1555992293137186e-01
   1.6321473046971122e-01  -3.8254357734967215e-01  -1.6986613708004883e-01
   2.3064201010845195e-01  -4.0622101094028201e-01  -1.5390748236066931e-01
   2.9188481196196731e-01  -4.1494843466813786e-01  -1.3551364389166146e-01
   3.4001771728865182e-01  -3.6803212526439155e-01  -1.6317494025358681e-01
  -2.6241808502763114e-01  -3.2772191898808661e-01  -1.4879460333078512e-01
   4.7421405688697994e-02  -4.1948453868079233e-01  -1.2678656529510005e-01
   3.5910743314520688e-01  -3.0706568714720811e-01  -1.4666500847464992e-01
  -3.4980298160314366e-01  -2.6939174852989450e-01  -1.2601041202354046e-01
   3.5782821769836859e-01  -2.3769954230893819e-01  -1.2712731970012431e-01
  -4.0245048707789816e-01  -2.2834648609932010e-01  -1.2747743386408869e-01
   3.5061863503048391e-01  -1.9066771681322231e-01  -1.6900698307383358e-01
  -3.9920410169128828e-01  -1.8546750168055307e-01  -1.8405453977257022e-01
   3.7204047392381767e-01  -1.6030461321196487e-01  -1.0472954738856230e-01
  -3.9397155941841827e-01  -1.1822103835520772e-01  -1.6652691708952846e-01
  -3.6851848369123924e-01  -5.6351768948244452e-02  -1.7726139857573803e-01
   4.2470368114572005e-01  -1.1435526350369263e-01  -1.1494445782430235e-01
   4.7676208052543845e-01  -7.1750295362314434e-02  -1.2063763323796289e-01
  -3.6919557521980378e-01  -1.9334305788897950e-02  -1.0765723582655203e-01
   5.0675531567733012e-01  -1.5176304829723590e-02  -1.2859025452946393e-01
  -4.3696693349753896e-01   6.5654679861749929e-02  -1.4677406940636409e-01
   4.9328476043743708e-01   4.9096454010878671e-02  -1.2262017588906250e-01
  -4.9099059090316699e-01   1.1469386507364153e-01  -1.3074231162774683e-01
   3.9955744264119225e-01   1.0890975741994115e-01  -2.0617085118678277e-01
   4.4284141221570911e-01   9.2782050103477065e-02  -1.4860426085432676e-01
  -5.3373761211746040e-01   1.7317232088772244e-01  -1.3796251949891442e-01
   3.8805172494109730e-01   1.4369166724065086e-01  -1.4618368030559156e-01
  -5.4984088158585775e-01   2.3900131825917906e-01  -1.5363345971930817e-01
   3.6961080391319978e-01   2.1477378563448291e-01  -1.6720481664141923e-01
  -5.2338927395908419e-01   3.0970184111757021e-01  -1.3962931986481406e-01
   3.8376394284325088e-01   2.7718961231659001e-01  -1.6250486953208693e-01
  -4.6081211222547275e-01   3.1763799306526397e-01  -1.8197072486632104e-01
  -3.9530322474578317e-01   3.3679250281585943e-01  -1.4782838147590194e-01
  -2.6952601498079803e-01   3.2931522448243167e-01  -1.6714475835514442e-01
  -2.0267675975948424e-01   3.6831743063022820e-01  -1.4283040919993797e-01
   2.1844643103796243e-02   3.8110238075352287e-01  -1.5570829601572647e-01
   9.1696426019796551e-02   3.7221225628649185e-01  -1.4612422213555529e-01
   4.0565892475047399e-01   3.2902502247095128e-01  -1.1479145637837906e-01
  -1.5249799405150802e-01   4.2295633138121064e-01  -1.3233163281028767e-01
  -8.7612956280777698e-02   4.4265386551851776e-01  -1.3199824942875066e-01
  -2.5304481868301251e-02   4.1798824209969843e-01  -1.2410010114403106e-01
   1.5624233904571830e-01   4.0452728534099069e-01  -1.5694723792356494e-01
   2.1666134551270996e-01   4.3608554862905941e-01  -1.6510029192873085e-01
   3.8837238676779501e-01   4.0581327886402591e-01  -1.6393325333271813e-01
   2.8014696754623863e-01   4.5799282364223570e-01  -1.6689785768216411e-01
   3.4768367482337048e-01   4.5031627784281592e-01  -1.7109536402470010e-01
  -1.6328839336683926e-01  -5.7326581063075988e-01  -8.3989512060465427e-02
  -9.2253309123974753e-02  -5.7377196195383184e-01  -8.4244792861411080e-02
  -1.9811937587648762e-01  -5.2106901635422542e-01  -1.3319445704547153e-01
  -2.9103121159740338e-02  -5.2519828516845568e-01  -9.6065103373346242e-02
  -2.3336680489203887e-01  -4.5859511396942959e-01  -1.0383718798493598e-01
   1.6004287076049863e-02  -4.7283780753224991e-01  -7.7979606995623382e-02
   5.5826317683652024e-02  -4.1796170615604894e-01  -5.5188020996242530e-02
   1.2207929993628232e-01  -3.8345928045658256e-01  -4.7716428825707986e-02
   1.7804337310439580e-01  -3.9873037793951094e-01  -1.0478544969509362e-01
   2.3944189687755468e-01  -4.2312002152125483e-01  -7.9581085076015828e-02
   3.0089705383349336e-01  -4.3092343075464934e-01  -6.1287415866675785e-02
   3.4149107992738553e-01  -4.0325243894604917e-01  -9.9508955726310938e-02
  -2.5775349489534644e-01  -3.6294239371905479e-01  -9.5768523111543241e-02
   3.6874530281986773e-01  -3.4872683326030085e-01  -9.1137927432309279e-02
  -3.7194581339236482e-01  -2.6840065809854635e-01  -6.6316812155100088e-02
  -3.0168615211061406e-01  -2.9994463437401436e-01  -8.4702571334157262e-02
   3.7006425872923981e-01  -2.8326802572404397e-01  -7.7096838346411969e-02
  -4.2080556674358754e-01  -2.2349144293896678e-01  -5.7383211286902693e-02
   3.6222141581745348e-01  -2.1339553497245239e-01  -6.2428474216392506e-02
  -4.1828359443818947e-01  -1.6419047417549679e-01  -1.1152938281694692e-01
   4.0688439349298428e-01  -1.3403534425062916e-01  -4.2175812855591903e-02
  -3.9022435717143988e-01  -9.2398985991993421e-02  -1.0914269641447974e-01
   4.6415536757964382e-01  -9.5896782853522586e-02  -4.8886257481742419e-02
  -3.7035617835736351e-01  -4.9696883080661308e-02  -4.9100536139916238e-02
   5.1071699298494933e-01  -4.6864410413646258e-02  -6.2088814971207662e-02
  -4.1454090571384955e-01   3.7350118132785950e-02  -8.5764577250375076e-02
   5.2121103623155052e-01   2.0345361376083983e-02  -6.3942057932243238e-02
  -4.7001570539078430e-01   8.4116814926244260e-02  -7.6079357641234635e-02
   4.1900164919223382e-01   1.2552042132738522e-01  -8.4948613420171806e-02
   4.7757102647322602e-01   8.1102667895655456e-02  -7.2907201146211909e-02
  -5.2624281764828063e-01   1.4135245928898976e-01  -7.3991615934797944e-02
  -5.6398935338930500e-01   2.0650454468655502e-01  -8.7321886286069225e-02
   3.7953038236052705e-01   1.8937213348328638e-01  -9.8676285113742143e-02
  -5.6598691137437607e-01   2.8252943694889504e-01  -9.5052320368530271e-02
   3.9171994518863468e-01   2.5928331309346442e-01  -1.0217943493765339e-01
  -5.1855574844894836e-01   3.3466882378136859e-01  -7.5862874226702362e-02
  -4.6112943100166870e-01   3.4071193388310295e-01  -1.1717246030772584e-01
  -3.9802841686000751e-01   3.5017535282165690e-01  -8.1473039320976187e-02
  -3.2846372906594956e-01   3.3916171416853719e-01  -1.2150582873683219e-01
  -2.6166372282018208e-01   3.4305956493961937e-01  -9.9027048403329959e-02
  -2.0481697796148671e-01   3.8002119760894587e-01  -7.9174510462829931e-02
   1.9515261624130399e-02   3.8760790922828986e-01  -8.0269016822079528e-02
   8.5408355557993296e-02   3.7293103425358415e-01  -7.7915514614284781e-02
   4.2073277090511124e-01   3.7001332617499982e-01  -4.9395689915402365e-02
  -1.6811816975619426e-01   4.2478469261172280e-01  -6.3656998411551299e-02
  -1.1456678104245850e-01   4.5439090974829732e-01  -6.8080750263274925e-02
  -4.5859111524958827e-02   4.3818283985692263e-01  -6.9202011020143880e-02
   1.4169902432756198e-01   4.0479585334115425e-01  -8.9721574997620374e-02
   1.9714408080328460e-01   4.3994138207774292e-01  -9.8197860418536592e-02
   4.1078149569020622e-01   3.9394734434979833e-01  -1.0737312049042330e-01
   2.5745589534789171e-01   4.6914758204741730e-01  -1.0397875216401604e-01
   3.2347575798941930e-01   4.8246752958797545e-01  -1.0617431663236766e-01
   3.8452658570807385e-01   4.5714164364005211e-01  -1.1040092514548368e-01
  -1.8092166806701560e-01  -5.7362448189353499e-01  -2.0353885654387407e-02
  -1.1525801355547335e-01  -5.8961552969274678e-01  -2.3552860656865085e-02
  -5.1088415236385416e-02  -5.5634614718270070e-01  -2.9830851740017584e-02
  -2.1360253437228954e-01  -5.2572773329413547e-01  -6.6849618114844911e-02
  -4.4655811819563291e-03  -5.0713980623690535e-01  -2.1428233305577530e-02
  -2.3849805560887702e-01  -4.7070081956874482e-01  -3.6943051602036578e-02
   3.3436592290257458e-02  -4.5302221866025622e-01  -5.3068720171827646e-03
   3.2289091874256381e-01  -4.3025812759478677e-01   2.4987854910112693e-03
  -2.5163126676009845e-01  -4.0999544777261532e-01  -4.8442848161819319e-02
   7.7764897858556586e-02  -3.9504529698627000e-01   9.7053025412952021e-03
   1.4877894103450950e-01  -3.9208989794942767e-01   2.5589872567434179e-02
   1.8461370885870443e-01  -4.0703642061159517e-01  -3.5824709636889149e-02
   2.4634614504849595e-01  -4.2999584273562313e-01  -1.1601231435560827e-02
   3.6223682284805092e-01  -3.9472264785011418e-01  -3.5314853288465536e-02
  -2.7283373364855490e-01  -3.3712604787575740e-01  -3.1152279916965106e-02
   3.7757937834640543e-01  -3.3261736062086078e-01  -1.8768694654499585e-02
  -3.9670706475893408e-01  -2.5726738754022116e-01  -4.1468922763949540e-04
  -3.3017739011062341e-01  -2.9016362069192586e-01  -1.8331687873770593e-02
   3.7116931745233295e-01  -2.6471583216069439e-01  -1.1524420063328558e-02
  -4.3024099893764339e-01  -2.0216664607133991e-01   1.3793357189513808e-02
   3.6478955580468547e-01  -1.8844360012379782e-01  -5.3992911629359578e-03
  -4.2617885728273552e-01  -1.6458409417531655e-01  -4.6641190096791608e-02
   4.0115617167770867e-01  -1.3854009772694320e-01   2.8841941777320489e-02
  -4.0176475094342723e-01  -1.0665291520293078e-01  -4.0529127800236292e-02
   4.5109997138351232e-01  -1.0661746697744129e-01   2.0564701268870417e-02
  -3.9392898768757989e-01   1.7070355300118897e-02  -2.3374770384803727e-02
   5.0027975675089775e-01  -6.6821394512427870e-02   1.1833766084134343e-02
  -4.4796829771058905e-01   6.1811262577801916e-02  -1.8281585484461970e-02
   5.2915111792440861e-01  -8.5007265609642925e-03  -1.6645286405022207e-03
  -5.0620370212993693e-01   1.1368480723348727e-01  -1.7312699079261511e-02
   4.4579236598258615e-01   1.1080078702745504e-01  -2.1822645276294017e-02
   5.0540457745714762e-01   5.9012659801115412e-02  -1.1051428415001587e-02
  -5.5790905465612917e-01   1.7778945236475022e-01  -2.0014236079804119e-02
   3.9010011472337108e-01   1.6355089917134044e-01  -2.9506661446951549e-02
  -5.8154229670503954e-01   2.4596901735949817e-01  -4.2079995485702716e-02
   3.9115508471508387e-01   2.3407995885882982e-01  -3.5079175486911834e-02
  -5.6846419412425309e-01   3.0559657200837403e-01  -2.5547593253405724e-02
   4.0916155141865845e-01   3.0155713598356465e-01  -4.6506464802669449e-02
  -5.1418868357938452e-01   3.4411468079732105e-01  -6.7959158147566905e-04
  -4.5610151210231165e-01   3.5368784515390017e-01  -4.1868705790818014e-02
  -3.8564097355288723e-01   3.5469796547957549e-01  -1.4370762029893739e-02
  -3.2673599339127241e-01   3.4757597231839332e-01  -5.2115939282472296e-02
  -2.6054115865126765e-01   3.4874652371308090e-01  -3.2830611040316510e-02
   5.5428665415913639e-02   3.6864658298436381e-01  -2.0872648680846231e-02
   1.2266026386449652e-01   3.9483471243153584e-01  -1.6562877451490612e-02
   4.1887324835192297e-01   3.3853517199469313e-01   1.3928197599313066e-02
  -1.9922652236140756e-01   3.9283547660009827e-01  -6.9537263302480636e-03
  -1.4857290044787311e-01   4.4548239154234215e-01  -1.1276475533252980e-03
  -1.0182482306109106e-02   4.1433366194852872e-01  -1.8519760371692111e-02
   1.7487090424490626e-01   4.3166842157375440e-01  -2.7946322702850249e-02
   4.2164195174142799e-01   4.1406030243311037e-01   1.8952240544910182e-02
  -7.7235709056704030e-02   4.5577684609218089e-01  -1.3957097778956548e-02
   2.3223528772716018e-01   4.6617900803897006e-01  -3.6832423306816589e-02
   2.9696946936671437e-01   4.9049648612732571e-01  -4.0978220110823818e-02
   3.6496799402905267e-01   4.8786102932883751e-01  -4.8426224256371234e-02
   4.1271093040478102e-01   4.3952446002890339e-01  -4.6882289942173645e-02
  -2.0206062698996283e-01  -5.4981885911912631e-01   4.0015211822703227e-02
  -1.4757474964150602e-01  -5.8770243728771432e-01   3.8877865901752073e-02
  -8.0955150652575844e-02  -5.7588476841303904e-01   4.0070681417634202e-02
  -2.2445610399614346e-01  -5.1447031727751291e-01   3.1266328647249378e-03
  -2.7661133347148731e-02  -5.3321808416610106e-01   3.9561808503059639e-02
  -2.4514909205013802e-01  -4.4722658862820952e-01   2.3495225770165034e-02
   1.3423099469148651e-02  -4.8002421032893555e-01   5.3242490699450903e-02
  -2.5899154411387959e-01  -3.8128821120499756e-01   1.8345031779253718e-02
   5.2470414109755843e-02  -4.2160131761052355e-01   6.6004811225405274e-02
   1.0610978096934194e-01  -3.8143374699573779e-01   8.1558577696609125e-02
   2.1605414342562321e-01  -4.1821232468461889e-01   5.7927396143339714e-02
   2.7945998701844982e-01  -4.3271922653713418e-01   5.3397044476841862e-02
   3.3487854035707543e-01  -4.1610638825590268e-01   7.4746436676259728e-02
  -2.9016897667358321e-01  -3.1322259881414305e-01   3.4713193493593801e-02
   3.6804503431900149e-01  -3.8169894029731988e-01   3.8444667196523931e-02
  -4.1105181843789418e-01  -2.3692534839742224e-01   6.7758996851666670e-02
  -3.5320949221536807e-01  -2.7894970091466947e-01   4.9819306156941731e-02
   3.7545820880115027e-01  -3.1605976638551420e-01   5.0548516545929116e-02
  -4.2426500131065575e-01  -1.6881493995576832e-01   7.6517360909334864e-02
   3.6677048410999585e-01  -2.4705046224669444e-01   5.2716668982819209e-02
  -4.1622821394522158e-01  -1.3322671615925938e-01   2.0402755149271652e-02
   3.6539014731544744e-01  -1.7942345396063644e-01   6.6367929806495862e-02
   4.1504954517270110e-01  -1.2432319684184696e-01   9.2303318124002387e-02
  -3.9744905333451741e-01  -1.0260289857335196e-01   8.4329059366578224e-02
   4.6970821857473982e-01  -8.6943364554225605e-02   8.4453835307731012e-02
  -3.8111428715019802e-01  -7.1819406138021444e-02   3.2292478473256010e-02
   5.1613479127687345e-01  -3.4302015445589196e-02   6.9255016378251308e-02
  -4.2978084980767939e-01   4.7884772854728599e-02   4.5683751267596967e-02
  -3.7997643468845227e-01   2.5177837365726219e-03   4.3797904857730600e-02
   5.1931882490267878e-01   3.0900521091788296e-02   5.1722357688843527e-02
  -4.8075912352999001e-01   9.0927414523620673e-02   4.4730491973750695e-02
   4.0957438123438794e-01   1.3797133265296460e-01   3.8333058086608508e-02
   4.6980670219446669e-01   9.1949690947914442e-02   3.6983031118929234e-02
  -5.3428122662081035e-01   1.4624234220103410e-01   3.9401319699455942e-02
  -5.8258706554079620e-01   2.4007232063421152e-01   2.0838133373464688e-02
   3.8521367668594014e-01   2.0418884818997979e-01   3.2803251440262055e-02
  -5.6607616028998153e-01   3.0662694298777049e-01   3.8747003794526766e-02
   4.0193451532199359e-01   2.7079389228573864e-01   2.3362207262015496e-02
  -4.9919405934914102e-01   3.4346155192798905e-01   6.5519725293083309e-02
  -4.4509404894463866e-01   3.5532119709184973e-01   2.8360656102784303e-02
  -3.7143852673892108e-01   3.5101190057483422e-01   5.9694559223805191e-02
  -3.1634987481182897e-01   3.4830696524552884e-01   1.7381469812671989e-02
  -2.4647476260717993e-01   3.5235873021501929e-01   3.8900798590623953e-02
  -1.9376845512257404e-01   3.9582866466585398e-01   6.0607247993593974e-02
   2.1969568821736653e-02   3.8619383256647927e-01   4.6747717424245744e-02
   8.6614523873569341e-02   3.7348337946525467e-01   2.6967167746629536e-02
   4.0745620103601288e-01   3.0824122127466053e-01   7.9421144218067175e-02
  -1.4541925351536561e-01   4.4050325553510711e-01   7.9917293241994661e-02
  -3.2506038332352459e-02   4.3147850941825466e-01   4.1294195145843482e-02
   1.5377782449412225e-01   4.1626156204010495e-01   4.3736093212418017e-02
   4.1855982096965699e-01   3.7759514136641181e-01   7.0207979135722437e-02
  -9.6432996114664896e-02   4.5776818793258028e-01   4.4539548926994806e-02
   2.0992586113446041e-01   4.5399624816305334e-01   3.2830432005886603e-02
   2.7121069162798062e-01   4.8400884573879366e-01   2.5050291144365425e-02
   3.3620922105003931e-01   4.9576776029284592e-01   2.3402276582954767e-02
   3.9632180559231689e-01   4.7144840656578968e-01   1.2676510343494667e-02
  -1.8714282554943443e-01  -5.5094495384997422e-01   9.8742563432904829e-02
  -1.2113325776238695e-01  -5.7669748026947809e-01   1.0014674752031193e-01
  -2.2650411624917519e-01  -4.9309392733344160e-01   7.8720424712445697e-02
  -6.1700966199604378e-02  -5.5032353477587659e-01   1.0865397242687649e-01
  -2.4602207578143045e-01  -4.2086402319705835e-01   8.2452662780762284e-02
  -1.3746468602124343e-02  -5.0407296432807946e-01   1.1221054716797919e-01
  -2.4477334466938161e-01  -3.8198502716327648e-01   1.4144162237012953e-01
   2.4580508559917433e-02  -4.5122262023324972e-01   1.2299447326258613e-01
   6.6349230846512133e-02  -3.9661098704116476e-01   1.3700736420669193e-01
   1.6773963516759366e-01  -3.9590167064413756e-01   9.3760449636454968e-02
   2.1194721916486131e-01  -4.0523764396170553e-01   1.3777246590586129e-01
   2.7152112734965533e-01  -4.2175468124794391e-01   1.1521394766602450e-01
   3.2501339078137037e-01  -3.9980672098828340e-01   1.4005632871173246e-01
  -2.6250766813047527e-01  -3.5202355420000653e-01   8.5337444377457244e-02
   3.6210227350337737e-01  -3.5802176229082949e-01   1.1264665322623894e-01
  -3.6927334253057859e-01  -2.6095596393759612e-01   1.1706312076678832e-01
  -3.0652087572511877e-01  -2.9448449856712988e-01   1.0314474915623455e-01
   3.6622169611724070e-01  -2.9545969427638918e-01   1.1245170033892758e-01
  -4.1164890295751472e-01  -2.0860406827072683e-01   1.3013975048592133e-01
   3.5844336113028485e-01  -2.3234084738070623e-01   1.1929022420124723e-01
  -4.0658572199039927e-01  -1.3811682356830948e-01   1.3864391220553574e-01
   3.6878180291611035e-01  -1.6024246362359026e-01   1.2954962640243284e-01
   4.3080292962610006e-01  -1.0132058764420221e-01   1.5262629924178889e-01
  -3.7751987015088173e-01  -7.4147772546669613e-02   1.5309515726539635e-01
   4.8795063348290751e-01  -5.2094329981164866e-02   1.3617635243209333e-01
  -3.6898418168711733e-01  -4.2762423381771671e-02   9.2630815710537190e-02
   5.1013489170201598e-01   1.0102853830746187e-02   1.1960138106189051e-01
  -3.9810552331849419e-01   2.3973946536164137e-02   1.0983128747554143e-01
   4.8612517101706182e-01   6.8174628705361701e-02   9.4209585182409683e-02
  -4.5153875249433240e-01   7.1913013327355321e-02   1.0828905185512198e-01
   4.3445396783285140e-01   1.1066740537407034e-01   1.0299818090593638e-01
  -5.0683164728424646e-01   1.2484566986253980e-01   1.0273791126403954e-01
   3.9079452002609788e-01   1.3931719325543537e-01   1.4915553748331983e-01
  -5.5133746324439281e-01   1.8500213129798443e-01   9.8833466908487766e-02
   3.8218966987426217e-01   1.7216790693572223e-01   9.5484264400431174e-02
   3.8807201578420841e-01   2.4028361841827414e-01   9.2306101224949436e-02
  -5.7304961284206291e-01   2.5200613946565786e-01   8.9641765046898844e-02
   3.9156456666193107e-01   2.8861370793192503e-01   1.4183216530679904e-01
  -5.4249503159482448e-01   3.1368897517261507e-01   9.7689181966199856e-02
  -4.3055135158587238e-01   3.4744827583146154e-01   9.9139887233591684e-02
  -3.5625029655322066e-01   3.4011331964892583e-01   1.2683623302985514e-01
  -2.9935091589411367e-01   3.4262934989321797e-01   8.6213869173179011e-02
  -2.2873015060895743e-01   3.5357229060582179e-01   1.1163564678077116e-01
  -1.8050376243740038e-01   3.9668463625650369e-01   1.3000981720694987e-01
   5.4693157615157847e-02   3.6973114789192174e-01   1.0928178982598324e-01
   1.2229077882447997e-01   3.9124573068187501e-01   1.0032619673940985e-01
   4.0531334970580651e-01   3.6052427974568557e-01   1.3054353038869015e-01
  -1.2113141950978011e-01   4.3666550812770955e-01   1.4249527465928138e-01
  -7.1971091054880754e-02   4.4502398521428277e-01   1.0522202742642323e-01
  -1.1038160590936548e-02   4.0995568287789069e-01   1.0690909039453896e-01
   1.8424228692309161e-01   4.3131127916550055e-01   1.0312715311787904e-01
   2.4484148930844699e-01   4.6551871734778244e-01   9.5376311608121003e-02
   4.0461353084748608e-01   4.3080955688638534e-01   1.0000051912133927e-01
   3.1097770672584774e-01   4.8463140082201167e-01   9.4851602608132232e-02
   3.7378914811598546e-01   4.7772667045955569e-01   7.7545390243160456e-02
  -1.9874315500900261e-01  -5.0619365303078778e-01   1.5454119828728616e-01
  -1.5475163310037779e-01  -5.4885664497560027e-01   1.5408598918657346e-01
  -9.7287324948362355e-02  -5.4502545501491506e-01   1.6851467520464503e-01
  -5.0226256088371148e-02  -5.1549368120498817e-01   1.7658831752840692e-01
  -2.2683858620903627e-01  -4.5162703303969032e-01   1.4102546076053807e-01
  -9.8736701448649527e-03  -4.7363680904204680e-01   1.8284972407479197e-01
  -2.2265890619686912e-01  -4.0570311242487667e-01   1.9621733950387621e-01
   2.8290258244658400e-02  -4.2282184366993009e-01   1.9436646918400236e-01
   7.7368577896390026e-02  -3.7374307237850241e-01   2.0569691068455820e-01
   1.3947160478539047e-01  -3.7813676580337907e-01   1.5762660857712379e-01
   2.0393803611103417e-01  -3.8591024159884901e-01   1.9998660907771543e-01
   2.7225342020414700e-01  -3.9988442423794424e-01   1.8169021205300262e-01
   3.3317087046572619e-01  -3.5733354580031096e-01   1.8726165431748948e-01
  -2.6373236719407228e-01  -3.2235640691196793e-01   1.5608493642029650e-01
   3.5091105931036359e-01  -2.8878599964864465e-01   1.7538662430167229e-01
  -3.1993930291993050e-01  -2.7348408575499422e-01   1.6763615517019934e-01
   3.3395877251523792e-01  -2.5242980852111985e-01   2.2329159204897001e-01
  -3.7478680516310753e-01  -2.3362179110994771e-01   1.8177405350479964e-01
   3.4659213781843634e-01  -2.0847816855579093e-01   1.8011550743765295e-01
  -3.9661609339155340e-01  -1.7609329795263254e-01   1.9354697196952333e-01
   3.7946179336486324e-01  -1.3202981442799924e-01   1.8730079267625480e-01
  -3.8192187077558626e-01  -1.0683253096530952e-01   2.0020218338458795e-01
   4.1492174257560999e-01  -8.3276263249942487e-02   2.2749590245365306e-01
   4.5903822852155579e-01  -5.5463968167633756e-02   1.9506578831854179e-01
  -3.6886434822449315e-01  -1.2538784049932790e-02   1.6730963710376137e-01
   4.8447118979487042e-01   4.1424637453607912e-03   1.8423573624297801e-01
  -4.1476503049596053e-01   4.9271992501787772e-02   1.6823781689287901e-01
   4.7074500538065095e-01   6.2765002029533376e-02   1.5552915297022407e-01
  -4.6952778637112919e-01   1.0296653840674050e-01   1.6615110347164425e-01
   4.2262834162096286e-01   9.8963926332413132e-02   1.8030992624822356e-01
  -5.1533285214481650e-01   1.5713140573280948e-01   1.6161376968827795e-01
   3.6179638841509815e-01   1.6201090531916676e-01   2.0515984862576375e-01
  -5.4663258741672704e-01   2.1986745475397135e-01   1.5511661697939466e-01
   3.7223455390642418e-01   2.1221414916941167e-01   1.5393132985180732e-01
  -5.3993101663680754e-01   2.8409820662350582e-01   1.5116587522299527e-01
  -4.8613760001267570e-01   3.2878724635460671e-01   1.3774263968591358e-01
  -4.1172417510066611e-01   3.3083068033007107e-01   1.6656593846806522e-01
  -3.3453160588870468e-01   3.2234550914392773e-01   1.9066381484296854e-01
  -2.8103432300329917e-01   3.3173039177295688e-01   1.5297203869356046e-01
   3.6877922813916059e-01   2.6113302973961749e-01   2.0025221005086091e-01
  -2.0282232237306042e-01   3.5214976753436039e-01   1.8973233549419569e-01
   1.5419412660207708e-02   3.8261624809393330e-01   1.7221193060610065e-01
   9.8521833727759328e-02   3.7254505662379966e-01   1.6541923913519213e-01
   3.8401636541819417e-01   3.3597860303170818e-01   1.8929697665789258e-01
  -1.5394921734533012e-01   4.0011278539721518e-01   1.8887963710160499e-01
  -9.7099762675481288e-02   4.1644765029126296e-01   2.0874796868703296e-01
  -4.7762383609500164e-02   4.2190684153239144e-01   1.6591943216630173e-01
   1.5750515099144474e-01   4.0488385790069137e-01   1.5886588605189406e-01
   2.2621906233473593e-01   4.4161045847225272e-01   1.6156149538122802e-01
   3.8394451357399922e-01   4.0941550594180465e-01   1.7015359625622445e-01
   2.8766992767351374e-01   4.6068794226111520e-01   1.6340730903731232e-01
   3.5395595641042893e-01   4.6216338569203996e-01   1.4443154431399896e-01
  -1.4465291866299079e-01  -5.1541542440042942e-01   2.1195511641906911e-01
  -8.0175251856699034e-02  -4.9926216470713447e-01   2.3317889053585192e-01
  -1.9273737828781906e-01  -4.6714007696572418e-01   2.0997357613553264e-01
  -2.0740405342082071e-02  -4.4693927640937992e-01   2.4867601126256222e-01
  -1.9071975619112611e-01  -4.1393568038134332e-01   2.5481011487297367e-01
   2.8073804936447306e-02  -3.9069611104182744e-01   2.5914002804300734e-01
   2.0982570655507193e-01  -3.5515751578745691e-01   2.6877884284620668e-01
   2.7248978427536563e-01  -3.7043966856816701e-01   2.3505283448204720e-01
  -2.2906712418731895e-01  -3.4779042557595286e-01   2.2601841154625008e-01
   8.6325393554622418e-02  -3.4576109958857371e-01   2.7239839918765535e-01
   1.4879107801053579e-01  -3.6236662836889033e-01   2.2974658242226437e-01
   3.1897699545461539e-01  -3.2102283430905554e-01   2.3683576226959094e-01
  -3.2510688346553146e-01  -2.4551164580600890e-01   2.3105894656278805e-01
  -2.6877251814649999e-01  -2.9011504191733140e-01   2.1465251841356356e-01
   3.0547994457979799e-01  -2.6326583619808763e-01   2.7877896824369941e-01
  -3.6366705205655847e-01  -1.9597113333148550e-01   2.4701646723711862e-01
   3.2650679264886945e-01  -1.8988281360616874e-01   2.4997307537321919e-01
  -3.6886034486966346e-01  -1.3161623353434859e-01   2.5364080631147173e-01
   3.5922995677133518e-01  -1.2292857100514407e-01   2.5127568945415496e-01
  -3.5804604095672243e-01  -5.4287394386437204e-02   2.3091989511233940e-01
   3.9838857296914765e-01  -5.9853923512371260e-02   2.7937029817584741e-01
  -3.7680612354467563e-01   2.2615090867218909e-02   2.2435993455620895e-01
   4.4453790325222059e-01  -1.2586964582667609e-02   2.4846530243685952e-01
  -4.2840560703012487e-01   8.2889277638323405e-02   2.2388762143761354e-01
   4.4509820094612751e-01   5.0277149160459569e-02   2.2316098100449139e-01
  -4.7374821321410782e-01   1.3763851208253269e-01   2.2315459527063761e-01
   3.8858025780098626e-01   1.0276550054443176e-01   2.3802965123818753e-01
  -5.0708218239780700e-01   1.9605149925288801e-01   2.1789159470776578e-01
   3.3690023540771402e-01   1.5639246592396189e-01   2.6813390825438088e-01
  -5.1272315939744639e-01   2.6935344141704909e-01   2.0196496064539160e-01
   3.4289251093157141e-01   2.2393462706725764e-01   2.5006150551688661e-01
  -4.6076739454482873e-01   3.0441289195923726e-01   2.0644193159510510e-01
  -3.8470706084178430e-01   3.0730652990290602e-01   2.2750643006636556e-01
  -3.1595739257578098e-01   2.9487597119366160e-01   2.5711489160766771e-01
  -2.6113815948758312e-01   3.1518048387867437e-01   2.1729695926155096e-01
   3.5155706747333088e-01   3.0112780591536981e-01   2.5118701193026616e-01
  -1.9822439630049823e-01   3.2079258386479043e-01   2.6054451716589888e-01
  -3.2332551679083762e-02   3.9404364071686870e-01   2.2868190676882033e-01
   1.9838782558497678e-02   3.6057269773849554e-01   2.5030162121661770e-01
   6.4403372613319382e-02   3.5893608640758334e-01   2.1309273902663944e-01
   1.3762576466987031e-01   3.7502629226955542e-01   2.2976900654425220e-01
   3.5617055144566262e-01   3.7328817303241413e-01   2.3330812526157396e-01
  -1.5100568961652591e-01   3.7233032648650499e-01   2.4387653069538662e-01
  -9.1130788541981630e-02   3.8367668038047170e-01   2.7026045459062853e-01
   1.9261799564576321e-01   4.0971848655930404e-01   2.0903706285743454e-01
   2.5471116964698964e-01   4.2257151291586398e-01   2.3083128083138327e-01
   3.2885317327757607e-01   4.3470948701789441e-01   2.0664762058890859e-01
  -1.4083716003153135e-01  -4.7213074873765626e-01   2.6081740514042129e-01
  -7.8309830297474861e-02  -4.5200178002250296e-01   2.8714152615699579e-01
  -1.3961496513959371e-01  -4.1941849201847131e-01   3.0349905787364273e-01
  -2.2158096288177470e-02  -4.0056643821269111e-01   3.0667658444306373e-01
  -1.8976150117892684e-01  -3.6016020114806746e-01   2.8930483738426127e-01
   2.8606904977485706e-02  -3.5040483681619439e-01   3.1616266387644970e-01
   8.7496919593199482e-02  -3.0954061758245427e-01   3.3325988438610121e-01
   1.4721902735357598e-01  -3.3033842980979555e-01   2.9941425813130690e-01
   2.1096660383033333e-01  -3.1217016263066077e-01   3.2433867509999020e-01
   2.7145703719245756e-01  -3.2511113364325861e-01   2.8556055939118907e-01
  -2.7304358384212096e-01  -2.5316543706320754e-01   2.7471240347235681e-01
  -2.2789429079648213e-01  -2.9657243296184221e-01   2.7654813792674193e-01
   2.6216037355568850e-01  -2.6535312770413805e-01   3.2919680602507445e-01
  -3.0991842950904130e-01  -2.0977149396372752e-01   2.9703793581980126e-01
   2.9271342735138373e-01  -1.9750437864864967e-01   3.1147218354739836e-01
  -3.3570378003961920e-01  -1.5355619455305708e-01   3.0648246497199844e-01
   3.1939704472857056e-01  -1.3370500116098979e-01   3.0242483455044239e-01
  -3.3801213004848069e-01  -8.2550162123709664e-02   2.9792753221234375e-01
   3.5225256716334025e-01  -7.7934088331904156e-02   3.1491245657691674e-01
  -3.4258884921461036e-01  -5.5808023963749122e-03   2.8272783678423119e-01
   3.9276710342928361e-01  -7.2092563691106152e-03   3.1013679855556181e-01
  -3.8082654386663428e-01   6.0836318971339703e-02   2.8054045223125912e-01
   3.5243786354526135e-01   4.1306524412226923e-02   3.3805531596162702e-01
   4.0698919445893172e-01   4.6858894024644999e-02   2.7852691810531666e-01
  -4.2357041777977361e-01   1.1839648165592973e-01   2.8101953943615615e-01
   3.0595384999203984e-01   1.3171057761721375e-01   3.2827942587432113e-01
   3.5268908521022097e-01   9.3636637296869094e-02   3.0029366155448600e-01
  -4.5685387381595849e-01   1.7566838540476445e-01   2.7628855020791598e-01
   3.0432793884924597e-01   1.9721815576779236e-01   3.1513267862921740e-01
  -4.7905925061406485e-01   2.4319392636503698e-01   2.5178805049316361e-01
  -4.2482706300093809e-01   2.2495877172184006e-01   3.0144839221349506e-01
   3.1522246472829402e-01   2.6303093633713265e-01   3.0323585639546852e-01
  -4.2787678622290365e-01   2.7581265084404749e-01   2.6202014131150969e-01
  -3.6691706678931829e-01   2.6748445148748601e-01   2.9268005039727779e-01
  -2.5090391757971719e-01   2.8276944862775860e-01   2.8907785448174866e-01
  -1.8639531101903137e-01   2.8244415448036736e-01   3.2364282923217719e-01
   3.1635639254706960e-01   3.3690705757476475e-01   2.9105549302845740e-01
  -1.3973774992269378e-01   3.3849038848819013e-01   3.0072702185321487e-01
  -8.0737980069334830e-02   3.3821392588189569e-01   3.3103262739121014e-01
  -2.9524660334746555e-02   3.5965677788666645e-01   2.9518358442903192e-01
   3.5049102008707672e-02   3.2900693949136262e-01   3.0860721095457366e-01
   9.1324354902450972e-02   3.4315813697680769e-01   2.7316711631244828e-01
   2.0130689129765367e-01   3.8364675962146622e-01   2.7106778044218671e-01
   2.5975879042153827e-01   3.7381942586131939e-01   2.9561818808868451e-01
   3.0607005995134073e-01   3.9980647756588450e-01   2.5769427176802023e-01
  -8.4451606094393672e-02  -3.9523210401355524e-01   3.3610496313155075e-01
  -1.4083735142230538e-01  -3.5591564384708529e-01   3.4087561646016734e-01
  -8.9162528819599102e-02  -3.2911947389385648e-01   3.7693639057387218e-01
  -2.9521829107014116e-02  -3.5002920136652782e-01   3.5668790553693613e-01
   2.7350694004306678e-02  -2.9964310488657847e-01   3.6994716692567953e-01
  -1.8821567824772606e-01  -2.9959982408115032e-01   3.2669254234284684e-01
  -1.4059698726496428e-01  -2.8735227155000626e-01   3.7468501079381183e-01
   9.0627309071936057e-02  -2.6070386242217791e-01   3.8615117933893295e-01
   1.4901452471515778e-01  -2.8708543765705302e-01   3.5650085018625288e-01
   2.0661531891232718e-01  -2.5332053098176144e-01   3.7070566406106070e-01
  -2.3675917446756126e-01  -2.3676761222592665e-01   3.2856470846043551e-01
  -1.8252132507925023e-01  -2.3853690414992237e-01   3.6971344877468187e-01
   2.4908173134448305e-01  -2.0618078201524376e-01   3.6061044722624291e-01
  -2.7896269279130620e-01  -1.7819173057249127e-01   3.4894262558267014e-01
   2.6573788059342068e-01  -1.4374938590476863e-01   3.6169817334487392e-01
  -3.0172333220845726e-01  -1.0978877307599627e-01   3.5229207228678261e-01
   2.9867174324319096e-01  -8.8978727067457644e-02   3.5848069101945379e-01
  -3.0765330832404075e-01  -3.4206757660956218e-02   3.3973736142315103e-01
   3.3656504168980583e-01  -2.9326055685665712e-02   3.5631465454691852e-01
  -3.3057086295001364e-01   3.7852085946147238e-02   3.3377258495583334e-01
   3.0602575170864899e-01   1.9518479070945619e-02   3.8108901927148947e-01
  -3.6800379245308706e-01   9.9763752643818537e-02   3.3258646625423671e-01
   2.9495313287593533e-01   8.0601514479701195e-02   3.6692808817378247e-01
  -3.9942843299472092e-01   1.6148302298413544e-01   3.2762842176042672e-01
  -3.3955843418425025e-01   1.5082562364073290e-01   3.6795499081222510e-01
   2.6148700928177937e-01   1.5379921905351096e-01   3.6967058612087683e-01
  -3.6162808656202050e-01   2.1610320250449419e-01   3.3831210108239868e-01
  -3.0344709404866210e-01   2.5289021100106446e-01   3.2202140962521558e-01
  -2.4177283600024627e-01   2.4067208032517157e-01   3.4735939668363364e-01
   1.5753188137527138e-01   2.9422712543772639e-01   3.6606868534770831e-01
   2.2131335864367824e-01   2.7576085734745609e-01   3.7182617669868401e-01
   2.6792081556898611e-01   2.3273337023885698e-01   3.5539327506057727e-01
  -1.2664067557583344e-01   2.9176794280442969e-01   3.5569844886786606e-01
  -6.6723191751606153e-02   2.8496639122484047e-01   3.8235814718927963e-01
  -1.5213134193255512e-02   3.1475030109032170e-01   3.5022310218804320e-01
   5.0182122942956042e-02   2.8552875200099676e-01   3.6574817920977931e-01
   1.0443524666624338e-01   3.1139046394841086e-01   3.3532200790378336e-01
   1.5313775241046379e-01   3.4669838316350504e-01   3.0289326288805429e-01
   2.1160938506066151e-01   3.3526008454265610e-01   3.3360713789293744e-01
   2.7298952886245759e-01   3.0752380616885810e-01   3.3442635102369672e-01
  -9.4615853627155688e-02  -2.5669901196967976e-01   4.1005137935622538e-01
  -3.4112370138086920e-02  -2.8934220731404214e-01   3.9889387711146473e-01
   2.7457356938548203e-02  -2.4469074780019520e-01   4.1150015326872469e-01
  -1.4392994645565582e-01  -2.0437273702072092e-01   4.1083070862663124e-01
  -8.4795989487613910e-02  -1.9063242361869859e-01   4.3842981822754845e-01
  -3.1564646567920518e-02  -2.2467814103067729e-01   4.3173668247030333e-01
   2.9452296232743602e-02  -1.8188621963349028e-01   4.4483311537610892e-01
   9.1265718714429844e-02  -2.0288549550697307e-01   4.2683332762329923e-01
   1.5182797811551868e-01  -2.2827499131760182e-01   4.0257457328350132e-01
  -2.1455007555249178e-01  -1.8417094115372554e-01   3.8542631477913314e-01
  -1.8456824405896383e-01  -1.3536274882941440e-01   4.2404052356902705e-01
   9.8979692889628212e-02  -1.4153168681956566e-01   4.5189420327623397e-01
   1.5522566496790702e-01  -1.6072598912104716e-01   4.3068826702671248e-01
   2.0701915467956586e-01  -1.7905789525101512e-01   4.0000860637473851e-01
  -2.4821857832920627e-01  -1.2163859469806033e-01   3.9538335259091534e-01
  -2.0362446222160061e-01  -6.7703499322639152e-02   4.3089639477435304e-01
   1.6150447832111955e-01  -9.3278072735496653e-02   4.4400192436990787e-01
   2.2329517171815971e-01  -1.0725436515642359e-01   4.0831977160413602e-01
  -2.6261816153530282e-01  -5.3245860200929702e-02   3.9069692662430239e-01
  -2.2423811386338821e-01   1.5596171695490008e-04   4.2203561905553238e-01
   2.1255561372597512e-01  -3.7593940880199003e-02   4.3233072451051258e-01
   2.7101599365127704e-01  -4.4119496821879309e-02   3.9875559462149490e-01
  -2.8037506509384902e-01   1.7427863224933442e-02   3.8074220768035066e-01
  -2.5055043942396527e-01   7.1714395056098723e-02   4.1444477243654715e-01
   1.9487544287591732e-01   3.5155954434119008e-02   4.4063720864837047e-01
   2.5432158194708482e-01   2.6392263040421859e-02   4.1248780197455431e-01
  -3.0901720490059498e-01   8.3852387669593548e-02   3.7808390731413455e-01
  -2.7707375989939437e-01   1.4145993080579944e-01   3.9955515179533485e-01
  -2.1107057983729841e-01   1.2954738860751577e-01   4.2589948718723591e-01
   1.8138106418837568e-01   1.0403298079019105e-01   4.3404411564066075e-01
   2.4105818336614077e-01   9.0800322966534355e-02   4.0292695368055886e-01
  -2.9511706146905142e-01   2.0198964374974801e-01   3.6876596240043025e-01
  -2.2389718232950770e-01   1.8930016947550501e-01   3.9476017397094143e-01
  -1.5636046967478090e-01   1.7673647628299693e-01   4.2021086304203986e-01
  -9.0221893602383030e-02   1.7135858365580689e-01   4.4118206579386965e-01
   5.1912858879824157e-02   1.4954391828388702e-01   4.5570375264138024e-01
   1.0813102903676589e-01   1.9472191858028495e-01   4.3206374690842092e-01
   1.6906735948840465e-01   1.6807521226321476e-01   4.2725050680647869e-01
   2.2068970995435663e-01   2.0197450421099752e-01   3.9461452426410309e-01
  -1.7333292163891967e-01   2.3548451475915114e-01   3.7574914612752469e-01
  -1.1398471641069348e-01   2.3406701358209248e-01   4.0278513580575676e-01
  -1.1122641862215184e-03   2.6359234253318081e-01   3.9616041134147456e-01
   3.7623216346431482e-02   2.1353617917665343e-01   4.2642404758297375e-01
   9.8342315711112599e-02   2.5125129430847065e-01   3.9763584585926687e-01
   1.6479192836541812e-01   2.3937758898485162e-01   4.0312451845519520e-01
  -1.1981520057617466e-01  -1.3846198098507839e-01   4.4573857494096930e-01
  -3.4072228336314403e-02  -1.5247626932198421e-01   4.5844448931935022e-01
   4.0704706193524537e-02  -1.1895592363793692e-01   4.6599406840587254e-01
  -1.4444408096313027e-01  -7.1237724241377809e-02   4.5529092007009009e-01
  -7.6204820113623964e-02  -8.8199282094181652e-02   4.6853711200502768e-01
  -1.1078383991298648e-02  -8.9404639151244608e-02   4.7463909099990054e-01
   3.7457787855360830e-02  -4.3039743488160850e-02   4.7962940728701392e-01
   9.7758438327478395e-02  -7.3122786019340941e-02   4.6724765831624571e-01
  -1.6096107295913012e-01  -4.4765138288886631e-03   4.5388422605487422e-01
  -9.4335308160217207e-02  -1.5492413080739524e-02   4.7328392711279321e-01
  -2.9756760038027314e-02  -2.3338513829863849e-02   4.8151610226537311e-01
   1.8660548126762832e-02   3.1836549259635721e-02   4.8159111703228191e-01
   8.5248876924062258e-02   2.1564770538583674e-03   4.7545710527669172e-01
   1.5150683236129900e-01  -2.1781976849488235e-02   4.5829904575712782e-01
  -1.8992429903675304e-01   6.2532424460012698e-02   4.4310817370687994e-01
  -1.1686889594071705e-01   5.0401421079213152e-02   4.6669188027660197e-01
  -4.7917759588491940e-02   4.7187534311824417e-02   4.7830246552349154e-01
  -1.4022308488138538e-03   1.0601254728553146e-01   4.7104690013157885e-01
   6.5628388841846352e-02   7.9199456720497080e-02   4.7220128954313323e-01
   1.3161259479533718e-01   4.9843397833803114e-02   4.6161164090781837e-01
  -1.4167905733090264e-01   1.1296350987285562e-01   4.4957695202970638e-01
  -7.0565541975338708e-02   1.1257787068816384e-01   4.6404313808721492e-01
  -1.8328823828577125e-02   1.6996435840359872e-01   4.5109815195846792e-01
   1.1652975442974373e-01   1.2695787605346884e-01   4.5336479841948718e-01
  -4.8589277956914971e-02   2.2512112397227632e-01   4.2380777654356944e-01
